0.133333,0.0908247
0.2,0.0837631
0.266667,0.0912753
0.333333,0.098764
0.4,0.0806947
0.466667,0.0668812
0.533333,0.0692677
0.6,0.0590789
0.666667,0.0748597
0.733333,0.0777713
0.8,0.0681508
0.866667,0.0765487
0.933333,0.0705413
1,0.0652627
1.06667,0.0797856
1.13333,0.0793467
1.2,0.0713328
1.26667,0.0786805
1.33333,0.084778
1.4,0.0710468
1.46667,0.0821995
1.53333,0.0840648
1.6,0.0756866
1.66667,0.0876152
1.73333,0.0943123
1.8,0.0917769
1.86667,0.11931
1.93333,0.119102
2,0.106045
2.06667,0.121708
2.13333,0.12618
2.2,0.105442
2.26667,0.129797
2.33333,0.134436
2.4,0.104046
2.46667,0.111226
2.53333,0.106468
2.6,0.0953978
2.66667,0.0999514
2.73333,0.097898
2.8,0.101104
2.86667,0.0992421
2.93333,0.0954096
3,0.151792
3.06667,0.105485
3.13333,0.0986896
3.2,0.0990423
3.26667,0.0962012
3.33333,0.0899273
3.4,0.0955154
3.46667,0.0948414
3.53333,0.0948492
3.6,0.0674768
3.66667,0.103365
3.73333,0.0809024
3.8,0.0581267
3.86667,0.0892062
3.93333,0.0969497
4,0.059898
4.06667,0.0538944
4.13333,0.0548467
4.2,0.0470171
4.26667,0.0689698
4.33333,0.0656193
4.4,0.0570334
4.46667,0.0579895
4.53333,0.0578876
4.6,0.0548114
4.66667,0.0987523
4.73333,0.0623001
4.8,0.0612813
4.86667,0.0557049
4.93333,0.0579307
5,0.0678373
5.06667,0.0588477
5.13333,0.059126
5.2,0.0643301
5.26667,0.185043
5.33333,0.0696517
5.4,0.137195
5.46667,0.0767407
5.53333,0.0863181
5.6,0.0861888
5.66667,0.0952136
5.73333,0.102318
5.8,0.0905621
5.86667,0.102483
5.93333,0.0921531
6,0.113075
6.06667,0.101409
6.13333,0.102028
6.2,0.100641
6.26667,0.100484
6.33333,0.133053
6.4,0.113185
6.46667,0.109219
6.53333,0.111806
6.6,0.106974
6.66667,0.111919
6.73333,0.108036
6.8,0.110117
6.86667,0.107879
6.93333,0.138735
7,0.130541
7.06667,0.124835
7.13333,0.138904
7.2,0.147388
7.26667,0.13694
7.33333,0.135835
7.4,0.130087
7.46667,0.144127
7.53333,0.143822
7.6,0.171625
7.66667,0.150268
7.73333,0.15635
7.8,0.153003
7.86667,0.160359
7.93333,0.163862
8,0.214081
8.06667,0.161938
8.13333,0.167385
8.2,0.19223
8.26667,0.17208
8.33333,0.176555
8.4,0.178005
8.46667,0.184792
8.53333,0.187692
8.6,0.188092
8.66667,0.190235
8.73333,0.194166
8.8,0.180924
8.86667,0.179032
8.93333,0.189777
9,0.194691
9.06667,0.20138
9.13333,0.199609
9.2,0.187516
9.26667,0.19011
9.33333,0.194174
9.4,0.194981
9.46667,0.191779
9.53333,0.194217
9.6,0.173483
9.66667,0.241018
9.73333,0.182813
9.8,0.15932
9.86667,0.177652
9.93333,0.18719
10,0.191795
10.0667,0.160296
10.1333,0.139268
10.2,0.128017
10.2667,0.143638
10.3333,0.140604
10.4,0.158599
10.4667,0.16494
10.5333,0.13446
10.6,0.145566
10.6667,0.139715
10.7333,0.125937
10.8,0.145421
10.8667,0.152274
10.9333,0.141184
11,0.157702
11.0667,0.161664
11.1333,0.147231
11.2,0.126415
11.2667,0.127708
11.3333,0.22407
11.4,0.145961
11.4667,0.150825
11.5333,0.152302
11.6,0.111492
11.6667,0.129228
11.7333,0.153223
11.8,0.143928
11.8667,0.129142
11.9333,0.148998
12,0.139401
12.0667,0.104497
12.1333,0.120925
12.2,0.134233
12.2667,0.123758
12.3333,0.0956134
12.4,0.103901
12.4667,0.0897784
12.5333,0.132277
12.6,0.0758943
12.6667,0.0901898
12.7333,0.0981997
12.8,0.0454574
12.8667,0.0684369
12.9333,0.0791351
13,0.175089
13.0667,0.0937324
13.1333,0.0622257
13.2,0.0668537
13.2667,0.0560968
13.3333,0.030621
13.4,0.0347475
13.4667,0.0598353
13.5333,0.0455279
13.6,0.0796171
13.6667,0.0542824
13.7333,0.0337325
13.8,0.0455514
13.8667,0.0263026
13.9333,0.0380235
14,0.0722812
14.0667,0.0828735
14.1333,0.0753966
14.2,0.0763136
14.2667,0.0288459
14.3333,0.0324668
14.4,0.0489137
14.4667,0.0504655
14.5333,0.0694362
14.6,0.0987248
14.6667,0.237558
14.7333,0.103079
14.8,0.0727005
14.8667,0.027921
14.9333,0.0576329
15,0.110238
15.0667,0.0442974
15.1333,0.0756239
15.2,0.113271
15.2667,0.0484043
15.3333,0.0443876
15.4,0.062163
15.4667,0.029708
15.5333,0.0338697
15.6,0.0583069
15.6667,0.0333877
15.7333,0.0275056
15.8,0.029661
15.8667,0.0210358
15.9333,0.0238612
16,0.027631
16.0667,0.037855
16.1333,0.0389601
16.2,0.0251544
16.2667,0.0237476
16.3333,0.111104
16.4,0.0231754
16.4667,0.0141506
16.5333,0.0218274
16.6,0.0238769
16.6667,0.025221
16.7333,0.0211808
16.8,0.0308954
16.8667,0.0148442
16.9333,0.0151734
17,0.0257657
17.0667,0.0139742
17.1333,0.0197348
17.2,0.0144053
17.2667,0.0137352
17.3333,0.02691
17.4,0.0620572
17.4667,0.0582325
17.5333,0.0506772
17.6,0.0687778
17.6667,0.0263653
17.7333,0.0286303
17.8,0.0305975
17.8667,0.028646
17.9333,0.0446541
18,0.202991
18.0667,0.079233
18.1333,0.0399751
18.2,0.0766937
18.2667,0.0196329
18.3333,0.0278466
18.4,0.0208438
18.4667,0.0194683
18.5333,0.0138959
18.6,0.0226738
18.6667,0.0193272
18.7333,0.0164352
18.8,0.0250956
18.8667,0.0229521
18.9333,0.0290065
19,0.0397556
19.0667,0.0251426
19.1333,0.0306798
19.2,0.0379256
19.2667,0.0293318
19.3333,0.0245901
19.4,0.0234184
19.4667,0.0157259
19.5333,0.0138645
19.6,0.0158082
19.6667,0.0371575
19.7333,0.0323884
19.8,0.0435176
19.8667,0.0313186
19.9333,0.0335327
20,0.0834927
20.0667,0.0840217
20.1333,0.0772305
20.2,0.0894805
20.2667,0.0728102
20.3333,0.066936
20.4,0.0773834
20.4667,0.0732334
20.5333,0.0696125
20.6,0.0809494
20.6667,0.0496936
20.7333,0.0602506
20.8,0.0460687
20.8667,0.0518371
20.9333,0.0580836
21,0.0308091
21.0667,0.0579699
21.1333,0.0568413
21.2,0.0539963
21.2667,0.0390111
21.3333,0.109533
21.4,0.0427691
21.4667,0.0630134
21.5333,0.0687896
21.6,0.0336032
21.6667,0.0537651
21.7333,0.0634601
21.8,0.120544
21.8667,0.0761686
21.9333,0.0647415
22,0.0584755
22.0667,0.115881
22.1333,0.0581463
22.2,0.0433883
22.2667,0.045042
22.3333,0.0488001
22.4,0.0596511
22.4667,0.0391835
22.5333,0.0375063
22.6,0.064961
22.6667,0.03887
22.7333,0.0193547
22.8,0.0291045
22.8667,0.0304016
22.9333,0.0308483
23,0.113785
23.0667,0.0329488
23.1333,0.0367735
23.2,0.0443915
23.2667,0.0384076
23.3333,0.0403356
23.4,0.0390659
23.4667,0.0463705
23.5333,0.0411468
23.6,0.0407236
23.6667,0.0385055
23.7333,0.040171
23.8,0.0420167
23.8667,0.0399006
23.9333,0.0352334
24,0.0381215
24.0667,0.0355782
24.1333,0.0345084
24.2,0.0391443
24.2667,0.0352569
24.3333,0.0329997
24.4,0.0328939
24.4667,0.0313695
24.5333,0.0349826
24.6,0.0308522
24.6667,0.0875329
24.7333,0.0547448
24.8,0.0507085
24.8667,0.0367304
24.9333,0.0426398
25,0.0569354
25.0667,0.0329213
25.1333,0.0427143
25.2,0.0434784
25.2667,0.0353706
25.3333,0.0317732
25.4,0.0461784
25.4667,0.0363346
25.5333,0.0298412
25.6,0.0346652
25.6667,0.0341675
25.7333,0.036554
25.8,0.0427143
25.8667,0.0417855
25.9333,0.0488079
26,0.0595139
26.0667,0.0587263
26.1333,0.056038
26.2,0.0577505
26.2667,0.0552072
26.3333,0.0681116
26.4,0.0579934
26.4667,0.0494976
26.5333,0.043549
26.6,0.0540355
26.6667,0.0501246
26.7333,0.0525033
26.8,0.0611128
26.8667,0.0491763
26.9333,0.0528677
27,0.0630682
27.0667,0.061583
27.1333,0.0648826
27.2,0.0815177
27.2667,0.073978
27.3333,0.0859772
27.4,0.0966205
27.4667,0.0983369
27.5333,0.106335
27.6,0.113189
27.6667,0.112719
27.7333,0.125204
27.8,0.124569
27.8667,0.131078
27.9333,0.135157
28,0.234372
28.0667,0.1416
28.1333,0.151836
28.2,0.164999
28.2667,0.156005
28.3333,0.16282
28.4,0.182997
28.4667,0.171018
28.5333,0.178397
28.6,0.182668
28.6667,0.18944
28.7333,0.199115
28.8,0.208477
28.8667,0.204739
28.9333,0.205593
29,0.212196
29.0667,0.219273
29.1333,0.220919
29.2,0.222596
29.2667,0.233533
29.3333,0.239059
29.4,0.239819
29.4667,0.24527
29.5333,0.249087
29.6,0.250114
29.6667,0.300995
29.7333,0.270127
29.8,0.271569
29.8667,0.273454
29.9333,0.262983
30,0.264805
30.0667,0.274045
30.1333,0.280315
30.2,0.286652
30.2667,0.270946
30.3333,0.273027
30.4,0.263602
30.4667,0.273904
30.5333,0.274649
30.6,0.287197
30.6667,0.270503
30.7333,0.272313
30.8,0.276644
30.8667,0.274845
30.9333,0.269131
31,0.274457
31.0667,0.276373
31.1333,0.291159
31.2,0.29271
31.2667,0.279261
31.3333,0.390789
31.4,0.345762
31.4667,0.279477
31.5333,0.28155
31.6,0.33265
31.6667,0.281691
31.7333,0.276357
31.8,0.302895
31.8667,0.291151
31.9333,0.27236
32,0.293537
32.0667,0.253985
32.1333,0.278011
32.2,0.258174
32.2667,0.251423
32.3333,0.214241
32.4,0.296543
32.4667,0.275154
32.5333,0.258884
32.6,0.288611
32.6667,0.280343
32.7333,0.252884
32.8,0.272533
32.8667,0.30489
32.9333,0.288913
33,0.262579
33.0667,0.26946
33.1333,0.351566
33.2,0.306348
33.2667,0.0113056
33.3333,0.0194448
33.4,0.0263104
33.4667,0.026812
33.5333,0.0382704
33.6,0.0447716
33.6667,0.0504499
33.7333,0.061873
33.8,0.0679823
33.8667,0.0692128
33.9333,0.0779555
34,0.0837984
34.0667,0.0877132
34.1333,0.0887007
34.2,0.0898254
34.2667,0.0935952
34.3333,0.0958916
34.4,0.104446
34.4667,0.0929682
34.5333,0.0977373
34.6,0.100183
34.6667,0.151385
34.7333,0.101746
34.8,0.117421
34.8667,0.101056
34.9333,0.106625
35,0.113898
35.0667,0.0991598
35.1333,0.114321
35.2,0.0971456
35.2667,0.104642
35.3333,0.105724
35.4,0.104662
35.4667,0.0989208
35.5333,0.106602
35.6,0.108714
35.6667,0.0999122
35.7333,0.0953312
35.8,0.10425
35.8667,0.10003
35.9333,0.0993009
36,0.110305
36.0667,0.0987444
36.1333,0.0967968
36.2,0.107761
36.2667,0.120486
36.3333,0.159168
36.4,0.143638
36.4667,0.119925
36.5333,0.122786
36.6,0.167475
36.6667,0.128966
36.7333,0.134287
36.8,0.138128
36.8667,0.134013
36.9333,0.12768
37,0.156056
37.0667,0.129138
37.1333,0.128162
37.2,0.105959
37.2667,0.148089
37.3333,0.16809
37.4,0.160273
37.4667,0.168522
37.5333,0.281068
37.6,0.241947
37.6667,0.344645
37.7333,0.332188
37.8,0.215582
37.8667,0.297092
37.9333,0.171335
38,0.286613
38.0667,0.0694793
38.1333,0.0504146
38.2,0.070604
38.2667,0.0400535
38.3333,0.0538553
38.4,0.050924
38.4667,0.0501873
38.5333,0.0541257
38.6,0.0687778
38.6667,0.065972
38.7333,0.046586
38.8,0.0871371
38.8667,0.0827912
38.9333,0.0851817
39,0.0962639
39.0667,0.0851582
39.1333,0.0813962
39.2,0.0951
39.2667,0.0861261
39.3333,0.0966048
39.4,0.116065
39.4667,0.112969
39.5333,0.0977177
39.6,0.0952568
39.6667,0.20736
39.7333,0.120493
39.8,0.1221
39.8667,0.112346
39.9333,0.10965
40,0.142607
40.0667,0.106954
40.1333,0.112534
40.2,0.126379
40.2667,0.113067
40.3333,0.117488
40.4,0.116391
40.4667,0.120348
40.5333,0.125266
40.6,0.129154
40.6667,0.12779
40.7333,0.142368
40.8,0.141596
40.8667,0.141032
40.9333,0.139656
41,0.143273
41.0667,0.146581
41.1333,0.151557
41.2,0.145507
41.2667,0.152274
41.3333,0.251893
41.4,0.164932
41.4667,0.163137
41.5333,0.160821
41.6,0.175078
41.6667,0.169019
41.7333,0.157765
41.8,0.16128
41.8667,0.165931
41.9333,0.17103
42,0.164646
42.0667,0.166895
42.1333,0.169196
42.2,0.178005
42.2667,0.155523
42.3333,0.178992
42.4,0.182562
42.4667,0.163172
42.5333,0.167554
42.6,0.145021
42.6667,0.162428
42.7333,0.170983
42.8,0.11304
42.8667,0.0954762
42.9333,0.106895
43,0.185337
43.0667,0.0936657
43.1333,0.0914556
43.2,0.111382
43.2667,0.0993558
43.3333,0.101672
43.4,0.103627
43.4667,0.112237
43.5333,0.103631
43.6,0.148301
43.6667,0.114039
43.7333,0.108118
43.8,0.136611
43.8667,0.118671
43.9333,0.113158
44,0.151244
44.0667,0.142897
44.1333,0.125333
44.2,0.117558
44.2667,0.121336
44.3333,0.119592
44.4,0.132979
44.4667,0.124788
44.5333,0.134836
44.6,0.134217
44.6667,0.281511
44.7333,0.176633
44.8,0.160218
44.8667,0.159128
44.9333,0.148497
45,0.17681
45.0667,0.144362
45.1333,0.150245
45.2,0.158705
45.2667,0.174784
45.3333,0.158615
45.4,0.175767
45.4667,0.154308
45.5333,0.153258
45.6,0.140777
45.6667,0.161429
45.7333,0.152749
45.8,0.152368
45.8667,0.151542
45.9333,0.16617
46,0.167655
46.0667,0.157706
46.1333,0.149183
46.2,0.159442
46.2667,0.151087
46.3333,0.421939
46.4,0.304698
46.4667,0.208841
46.5333,0.188127
46.6,0.199954
46.6667,0.189005
46.7333,0.169999
46.8,0.184604
46.8667,0.178138
46.9333,0.169243
47,0.131889
47.0667,0.176782
47.1333,0.1927
47.2,0.169517
47.2667,0.182672
47.3333,0.163506
47.4,0.100911
47.4667,0.190933
47.5333,0.148563
47.6,0.140789
47.6667,0.214406
47.7333,0.167452
47.8,0.125165
47.8667,0.109015
47.9333,0.110704
48,0.328555
48.0667,0.259158
48.1333,0.184847
48.2,0.121783
48.2667,0.175215
48.3333,0.195702
48.4,0.179141
48.4667,0.194977
48.5333,0.194953
48.6,0.0644594
48.6667,0.169885
48.7333,0.163067
48.8,0.127136
48.8667,0.131348
48.9333,0.126513
49,0.120019
49.0667,0.107464
49.1333,0.0280033
49.2,0.0409038
49.2667,0.0190568
49.3333,0.0253386
49.4,0.0420598
49.4667,0.0677198
49.5333,0.0463587
49.6,0.082415
49.6667,0.326549
49.7333,0.0927096
49.8,0.0696752
49.8667,0.0109646
49.9333,0.0506615
50,0.0941046
50.0667,0.134668
50.1333,0.160943
50.2,0.0990619
50.2667,0.0737507
50.3333,0.0761215
50.4,0.0757218
50.4667,0.0867727
50.5333,0.110924
50.6,0.106022
50.6667,0.107424
50.7333,0.0859693
50.8,0.107605
50.8667,0.0563828
50.9333,0.058111
51,0.0694989
51.0667,0.068288
51.1333,0.0838689
51.2,0.0557127
51.2667,0.022278
51.3333,0.24054
51.4,0.0889515
51.4667,0.0748832
51.5333,0.110442
51.6,0.0738604
51.6667,0.0748401
51.7333,0.0886106
51.8,0.125976
51.8667,0.0890024
51.9333,0.0456024
52,0.061438
52.0667,0.0321494
52.1333,0.0168388
52.2,0.0197544
52.2667,0.0393598
52.3333,0.0138959
52.4,0.0169525
52.4667,0.0229129
52.5333,0.0205773
52.6,0.0260283
52.6667,0.0164861
52.7333,0.0192645
52.8,0.0374161
52.8667,0.0285167
52.9333,0.034481
53,0.2467
53.0667,0.0416797
53.1333,0.0393167
53.2,0.0553953
53.2667,0.0524484
53.3333,0.0395636
53.4,0.0661131
53.4667,0.0517195
53.5333,0.0644163
53.6,0.076921
53.6667,0.0623746
53.7333,0.0751889
53.8,0.0896138
53.8667,0.0651412
53.9333,0.0751536
54,0.0753064
54.0667,0.091534
54.1333,0.0838023
54.2,0.106637
54.2667,0.102742
54.3333,0.102354
54.4,0.121936
54.4667,0.10599
54.5333,0.118177
54.6,0.104254
54.6667,0.274586
54.7333,0.0151342
54.8,0.0816391
54.8667,0.0535339
54.9333,0.0349944
55,0.136415
55.0667,0.116097
55.1333,0.110626
55.2,0.122559
55.2667,0.075812
55.3333,0.0441995
55.4,0.0385526
55.4667,0.0265338
55.5333,0.0569824
55.6,0.0564769
55.6667,0.0423067
55.7333,0.054349
55.8,0.0535692
55.8667,0.0560066
55.9333,0.0437802
56,0.0499012
56.0667,0.0568609
56.1333,0.0695537
56.2,0.083673
56.2667,0.0624804
56.3333,0.238706
56.4,0.128315
56.4667,0.0683899
56.5333,0.0647885
56.6,0.0391874
56.6667,0.041331
56.7333,0.0516333
56.8,0.065392
56.8667,0.0972592
56.9333,0.0370439
57,0.0516451
57.0667,0.0665245
57.1333,0.0381333
57.2,0.0693813
57.2667,0.0308444
57.3333,0.0260479
57.4,0.0513277
57.4667,0.0503676
57.5333,0.10251
57.6,0.0742876
57.6667,0.0716346
57.7333,0.0473031
57.8,0.0494114
57.8667,0.0704237
57.9333,0.0379844
58,0.2172
58.0667,0.0638324
58.1333,0.0798718
58.2,0.113185
58.2667,0.0656781
58.3333,0.0636247
58.4,0.099536
58.4667,0.059318
58.5333,0.061536
58.6,0.0542511
58.6667,0.100657
58.7333,0.050297
58.8,0.0722733
58.8667,0.0707333
58.9333,0.074699
59,0.0580444
59.0667,0.0658897
59.1333,0.0252484
59.2,0.028262
59.2667,0.0395636
59.3333,0.0387132
59.4,0.0339794
59.4667,0.0270746
59.5333,0.0176343
59.6,0.0173012
59.6667,0.0250486
59.7333,0.0358604
59.8,0.0532753
59.8667,0.022427
59.9333,0.0449636
60,0.0462215
60.0667,0.0379099
60.1333,0.0515667
60.2,0.062547
60.2667,0.0418874
60.3333,0.363295
60.4,0.12585
60.4667,0.0765722
60.5333,0.0292025
60.6,0.0401279
60.6667,0.031393
60.7333,0.0322826
60.8,0.0401828
60.8667,0.0236183
60.9333,0.018955
61,0.026428
61.0667,0.0159806
61.1333,0.0207184
61.2,0.0276663
61.2667,0.0124185
61.3333,0.0213219
61.4,0.0598313
61.4667,0.0557127
61.5333,0.0442465
61.6,0.0772031
61.6667,0.0504499
61.7333,0.0417346
61.8,0.0436979
61.8667,0.0763292
61.9333,0.0454065
62,0.250435
62.0667,0.117825
62.1333,0.084633
62.2,0.110356
62.2667,0.0664187
62.3333,0.0208085
62.4,0.0595766
62.4667,0.0296296
62.5333,0.0319691
62.6,0.0284697
62.6667,0.0295081
62.7333,0.0305348
62.8,0.043741
62.8667,0.0385487
62.9333,0.0388347
63,0.0442112
63.0667,0.0357428
63.1333,0.0394656
63.2,0.0703179
63.2667,0.0531381
63.3333,0.0358055
63.4,0.0886968
63.4667,0.0453751
63.5333,0.0520526
63.6,0.0340852
63.6667,0.163474
63.7333,0.0273215
63.8,0.153622
63.8667,0.156675
63.9333,0.0689071
64,0.0638363
64.0667,0.0433138
64.1333,0.032361
64.2,0.0451008
64.2667,0.0228423
64.3333,0.0610932
64.4,0.0403278
64.4667,0.0365854
64.5333,0.0516529
64.6,0.0565709
64.6667,0.0133629
64.7333,0.0179126
64.8,0.012732
64.8667,0.0167448
64.9333,0.0372202
65,0.0344301
65.0667,0.0278975
65.1333,0.0420559
65.2,0.0252406
65.2667,0.029755
65.3333,0.146914
65.4,0.066262
65.4667,0.0347122
65.5333,0.0234145
65.6,0.039736
65.6667,0.039689
65.7333,0.0612342
65.8,0.0297746
65.8667,0.0423812
65.9333,0.0375337
66,0.0611363
66.0667,0.0461275
66.1333,0.0355469
66.2,0.0874585
66.2667,0.0448853
66.3333,0.0176187
66.4,0.0393559
66.4667,0.0176304
66.5333,0.0178459
66.6,0.0574213
66.6667,0.0329527
66.7333,0.0619827
66.8,0.0368244
66.8667,0.0268551
66.9333,0.0278231
67,0.230559
67.0667,0.0634248
67.1333,0.0530558
67.2,0.0814981
67.2667,0.0705452
67.3333,0.047307
67.4,0.0767838
67.4667,0.0367578
67.5333,0.0537847
67.6,0.0444111
67.6667,0.0466644
67.7333,0.056375
67.8,0.034626
67.8667,0.0445953
67.9333,0.050587
68,0.0398693
68.0667,0.0473893
68.1333,0.0476284
68.2,0.0502461
68.2667,0.0462137
68.3333,0.0673514
68.4,0.0399516
68.4667,0.0362013
68.5333,0.0467271
68.6,0.0391482
68.6667,0.0592866
68.7333,0.048416
68.8,0.047789
68.8667,0.030672
68.9333,0.0400652
69,0.031781
69.0667,0.2498
69.1333,0.130302
69.2,0.057049
69.2667,0.100563
69.3333,0.0770307
69.4,0.045234
69.4667,0.0437253
69.5333,0.0604936
69.6,0.0498895
69.6667,0.0634797
69.7333,0.0543333
69.8,0.0694714
69.8667,0.0382077
69.9333,0.0560968
70,0.0473188
70.0667,0.0447442
70.1333,0.0439683
70.2,0.0420246
70.2667,0.0613596
70.3333,0.042052
70.4,0.0369381
70.4667,0.0379922
70.5333,0.041186
70.6,0.0353901
70.6667,0.0382547
70.7333,0.249687
70.8,0.0832301
70.8667,0.070455
70.9333,0.0611402
71,0.0230971
71.0667,0.0454652
71.1333,0.0821446
71.2,0.0437214
71.2667,0.0389209
71.3333,0.0537886
71.4,0.0331408
71.4667,0.0361073
71.5333,0.0513081
71.6,0.0403121
71.6667,0.0429102
71.7333,0.0772737
71.8,0.0330389
71.8667,0.0256756
71.9333,0.0321964
72,0.0339912
72.0667,0.0409508
72.1333,0.064765
72.2,0.0499992
72.2667,0.0345163
72.3333,0.0372907
72.4,0.1661
72.4667,0.061101
72.5333,0.0859772
72.6,0.0488785
72.6667,0.0338893
72.7333,0.0580326
72.8,0.0360132
72.8667,0.0427848
72.9333,0.0582442
73,0.0360289
73.0667,0.0419736
73.1333,0.0271255
73.2,0.039544
73.2667,0.0441133
73.3333,0.0445012
73.4,0.0367774
73.4667,0.0403356
73.5333,0.0384507
73.6,0.0397556
73.6667,0.0377884
73.7333,0.0494232
73.8,0.0363189
73.8667,0.0386153
73.9333,0.0402533
74,0.037373
74.0667,0.123095
74.1333,0.0722459
74.2,0.0449871
74.2667,0.047456
74.3333,0.0547135
74.4,0.0485963
74.4667,0.0333289
74.5333,0.0443562
74.6,0.0378903
74.6667,0.0429181
74.7333,0.0413937
74.8,0.0465233
74.8667,0.0331604
74.9333,0.0299627
75,0.0352491
75.0667,0.036119
75.1333,0.035496
75.2,0.0428122
75.2667,0.050685
75.3333,0.0537181
75.4,0.0536084
75.4667,0.0509946
75.5333,0.0534712
75.6,0.0551053
75.6667,0.0594003
75.7333,0.134487
75.8,0.0439761
75.8667,0.0457591
75.9333,0.0395636
76,0.047938
76.0667,0.0567669
76.1333,0.046488
76.2,0.0425105
76.2667,0.0414916
76.3333,0.042052
76.4,0.0345241
76.4667,0.0361504
76.5333,0.0356018
76.6,0.0406178
76.6667,0.0321964
76.7333,0.0419344
76.8,0.0458297
76.8667,0.0532361
76.9333,0.0466722
77,0.0426868
77.0667,0.0457787
77.1333,0.0463469
77.2,0.0522447
77.2667,0.0464136
77.3333,0.0501129
77.4,0.139092
77.4667,0.0494428
77.5333,0.0726025
77.6,0.060376
77.6667,0.0528364
77.7333,0.0578955
77.8,0.0558225
77.8667,0.0491097
77.9333,0.0532087
78,0.0599607
78.0667,0.0496426
78.1333,0.0734176
78.2,0.0423106
78.2667,0.0513904
78.3333,0.0574291
78.4,0.0505753
78.4667,0.0492272
78.5333,0.0361935
78.6,0.0535614
78.6667,0.0520056
78.7333,0.0732569
78.8,0.0461863
78.8667,0.0449205
78.9333,0.0480869
79,0.0437723
79.0667,0.164415
79.1333,0.07089
79.2,0.063029
79.2667,0.0514178
79.3333,0.0692637
79.4,0.0439565
79.4667,0.0598196
79.5333,0.0450655
79.6,0.0422793
79.6667,0.0325883
79.7333,0.0498542
79.8,0.0444268
79.8667,0.0401201
79.9333,0.0631231
80,0.0321689
80.0667,0.0203383
80.1333,0.0319064
80.2,0.0215217
80.2667,0.0335758
80.3333,0.0385722
80.4,0.0302879
80.4667,0.0241316
80.5333,0.0491057
80.6,0.0187904
80.6667,0.024308
80.7333,0.305964
80.8,0.164238
80.8667,0.0476676
80.9333,0.0747813
81,0.0609325
81.0667,0.0525072
81.1333,0.0783435
81.2,0.0334425
81.2667,0.0554815
81.3333,0.0163803
81.4,0.0759961
81.4667,0.102828
81.5333,0.120231
81.6,0.0419736
81.6667,0.0548428
81.7333,0.054302
81.8,0.0430003
81.8667,0.0667518
81.9333,0.0546664
82,0.038968
82.0667,0.0399163
82.1333,0.0482632
82.2,0.0362875
82.2667,0.0454143
82.3333,0.0302331
82.4,0.0754671
82.4667,0.0470798
82.5333,0.0611284
82.6,0.0470445
82.6667,0.0487766
82.7333,0.0452419
82.8,0.0612342
82.8667,0.0416366
82.9333,0.0654626
83,0.0553953
83.0667,0.0326
83.1333,0.0445678
83.2,0.0344026
83.2667,0.0536672
83.3333,0.0718775
83.4,0.0554149
83.4667,0.0358486
83.5333,0.0472443
83.6,0.0412056
83.6667,0.0502147
83.7333,0.0544431
83.8,0.0360955
83.8667,0.0485297
83.9333,0.0386309
84,0.0378002
84.0667,0.266455
84.1333,0.109015
84.2,0.0581972
84.2667,0.0233087
84.3333,0.0533184
84.4,0.0437136
84.4667,0.0516686
84.5333,0.0959974
84.6,0.0633504
84.6667,0.0400143
84.7333,0.0408215
84.8,0.0326157
84.8667,0.0448422
84.9333,0.0530323
85,0.0659211
85.0667,0.0326509
85.1333,0.0502696
85.2,0.0349944
85.2667,0.0414955
85.3333,0.0490901
85.4,0.0470131
85.4667,0.045187
85.5333,0.0477263
85.6,0.0417895
85.6667,0.0442269
85.7333,0.204703
85.8,0.0457082
85.8667,0.0572489
85.9333,0.071615
86,0.0542706
86.0667,0.0508927
86.1333,0.0556187
86.2,0.0404728
86.2667,0.0546939
86.3333,0.0615399
86.4,0.0653332
86.4667,0.0609834
86.5333,0.0556931
86.6,0.0432433
86.6667,0.0395675
86.7333,0.0357899
86.8,0.0431924
86.8667,0.0312324
86.9333,0.0434353
87,0.037663
87.0667,0.0435646
87.1333,0.0510024
87.2,0.0458218
87.2667,0.034097
87.3333,0.0175011
87.4,0.102358
87.4667,0.0579739
87.5333,0.0470288
87.6,0.0330546
87.6667,0.0368401
87.7333,0.0474403
87.8,0.0351707
87.8667,0.0462842
87.9333,0.0527463
88,0.0568257
88.0667,0.0423106
88.1333,0.110426
88.2,0.0616065
88.2667,0.0480438
88.3333,0.0675865
88.4,0.0291202
88.4667,0.0374161
88.5333,0.0512885
88.6,0.0407588
88.6667,0.0348533
88.7333,0.0463038
88.8,0.0312402
88.8667,0.0491175
88.9333,0.0504224
89,0.0418757
89.0667,0.249197
89.1333,0.16675
89.2,0.156734
89.2667,0.112542
89.3333,0.13002
89.4,0.0746324
89.4667,0.0792683
89.5333,0.0803891
89.6,0.0588046
89.6667,0.0570216
89.7333,0.0591338
89.8,0.0586949
89.8667,0.0650119
89.9333,0.0671163
90,0.0532635
90.0667,0.0465664
90.1333,0.0659446
90.2,0.0613322
90.2667,0.0567747
90.3333,0.0528795
90.4,0.0505243
90.4667,0.0492625
90.5333,0.0607052
90.6,0.0498934
90.6667,0.0515902
90.7333,0.285175
90.8,0.063707
90.8667,0.0619318
90.9333,0.0661875
91,0.0534908
91.0667,0.0601762
91.1333,0.0603016
91.2,0.0532243
91.2667,0.0617515
91.3333,0.0772972
91.4,0.0544431
91.4667,0.0546272
91.5333,0.0618808
91.6,0.0565905
91.6667,0.0497406
91.7333,0.0466134
91.8,0.0541923
91.8667,0.0484121
91.9333,0.0473306
92,0.0495055
92.0667,0.0497719
92.1333,0.0499718
92.2,0.043063
92.2667,0.0508417
92.3333,0.0422284
92.4,0.165069
92.4667,0.0548114
92.5333,0.0570451
92.6,0.0525699
92.6667,0.0372947
92.7333,0.0655566
92.8,0.0446776
92.8667,0.0378159
92.9333,0.0550309
93,0.0577505
93.0667,0.0490274
93.1333,0.0724183
93.2,0.0309189
93.2667,0.0625745
93.3333,0.048369
93.4,0.0323022
93.4667,0.0317379
93.5333,0.0505282
93.6,0.0219175
93.6667,0.0298882
93.7333,0.0348454
93.8,0.0286617
93.8667,0.0300332
93.9333,0.0548153
94,0.0297785
94.0667,0.252449
94.1333,0.105018
94.2,0.0611206
94.2667,0.077595
94.3333,0.103349
94.4,0.080875
94.4667,0.0882461
94.5333,0.0687073
94.6,0.103467
94.6667,0.120301
94.7333,0.106398
94.8,0.164368
94.8667,0.155699
94.9333,0.112789
95,0.120846
95.0667,0.140648
95.1333,0.0848643
95.2,0.221197
95.2667,0.141545
95.3333,0.214214
95.4,0.220692
95.4667,0.231378
95.5333,0.210217
95.6,0.224861
95.6667,0.224783
95.7333,0.329539
95.8,0.261231
95.8667,0.283149
95.9333,0.218419
96,0.312594
96.0667,0.291429
96.1333,0.313323
96.2,0.339696
96.2667,0.373213
96.3333,0.28452
96.4,0.374216
96.4667,0.358275
96.5333,0.374616
96.6,0.359819
96.6667,0.378539
96.7333,0.383186
96.8,0.377943
96.8667,0.392732
96.9333,0.373672
97,0.387736
97.0667,0.381372
97.1333,0.370944
97.2,0.379816
97.2667,0.384401
97.3333,0.378394
97.4,0.403137
97.4667,0.351311
97.5333,0.370058
97.6,0.373632
97.6667,0.37594
97.7333,0.378927
97.8,0.369326
97.8667,0.517434
97.9333,0.0826972
98,0.289544
98.0667,0.419446
98.1333,0.603666
98.2,0.521937
98.2667,0.545403
98.3333,0.643446
98.4,0.502441
98.4667,0.535496
98.5333,0.527517
98.6,0.4319
98.6667,0.504859
98.7333,0.607805
98.8,0.513915
98.8667,0.390812
98.9333,0.533172
99,0.412667
99.0667,0.496316
99.1333,0.614231
99.2,0.497508
99.2667,0.541131
99.3333,0.554572
99.4,0.553761
99.4667,0.367887
99.5333,0.591158
99.6,0.600382
99.6667,0.471472
99.7333,0.658301
99.8,0.711945
99.8667,0.675093
99.9333,0.612954
100,0.686442
100.067,0.545144
100.133,0.680466
100.2,0.746281
100.267,0.71104
100.333,0.728439
100.4,0.746395
100.467,0.73773
100.533,0.73389
100.6,0.73264
100.667,0.705589
100.733,0.714606
100.8,0.730857
100.867,0.734204
100.933,0.689491
101,0.670822
101.067,0.732957
101.133,0.709805
101.2,0.726084
101.267,0.710844
101.333,0.698911
101.4,0.719747
101.467,0.719434
101.533,0.713136
101.6,0.704637
101.667,0.712231
101.733,0.710072
101.8,0.707486
101.867,0.7149
101.933,0.695914
102,0.693931
102.067,0.702979
102.133,0.695882
102.2,0.708105
102.267,0.700471
102.333,0.684063
102.4,0.702513
102.467,0.692136
102.533,0.674819
102.6,0.685074
102.667,0.699033
102.733,0.676304
102.8,0.705652
102.867,0.704711
102.933,0.691881
103,0.703214
103.067,0.707196
103.133,0.696494
103.2,0.704104
103.267,0.704225
103.333,0.684577
103.4,0.7004
103.467,0.744494
103.533,0.716659
103.6,0.754554
103.667,0.747465
103.733,0.719665
103.8,0.75464
103.867,0.748726
103.933,0.710679
104,0.74491
104.067,0.742985
104.133,0.708649
104.2,0.730132
104.267,0.750247
104.333,0.715836
104.4,0.744357
104.467,0.73411
104.533,0.708783
104.6,0.737679
104.667,0.715582
104.733,0.719493
104.8,0.721252
104.867,0.725347
104.933,0.696733
105,0.722071
105.067,0.723443
105.133,0.691756
105.2,0.73764
105.267,0.739529
105.333,0.719982
105.4,0.737989
105.467,0.712666
105.533,0.697003
105.6,0.715382
105.667,0.712995
105.733,0.69234
105.8,0.686544
105.867,0.701231
105.933,0.710123
106,0.715053
106.067,0.711937
106.133,0.713822
106.2,0.724179
106.267,0.70794
106.333,0.713932
106.4,0.732005
106.467,0.737472
106.533,0.732174
106.6,0.74672
106.667,0.745348
106.733,0.73668
106.8,0.750239
106.867,0.742629
106.933,0.733373
107,0.754793
107.067,0.753127
107.133,0.726476
107.2,0.748652
107.267,0.744957
107.333,0.72173
107.4,0.727283
107.467,0.725555
107.533,0.711973
107.6,0.722706
107.667,0.703104
107.733,0.692587
107.8,0.702301
107.867,0.697015
107.933,0.674827
108,0.689216
108.067,0.692657
108.133,0.671073
108.2,0.689644
108.267,0.688766
108.333,0.678938
108.4,0.699233
108.467,0.696854
108.533,0.683863
108.6,0.723117
108.667,0.725927
108.733,0.686567
108.8,0.733925
108.867,0.740438
108.933,0.705953
109,0.741359
109.067,0.734399
109.133,0.684079
109.2,0.719187
109.267,0.72608
109.333,0.67677
109.4,0.725868
109.467,0.724893
109.533,0.690976
109.6,0.726844
109.667,0.726766
109.733,0.679373
109.8,0.717545
109.867,0.715919
109.933,0.678142
110,0.714363
110.067,0.718384
110.133,0.672836
110.2,0.714469
110.267,0.709657
110.333,0.695071
110.4,0.728709
110.467,0.693566
110.533,0.684843
110.6,0.726723
110.667,0.692982
110.733,0.692304
110.8,0.694683
110.867,0.698492
110.933,0.64852
111,0.686215
111.067,0.685705
111.133,0.670794
111.2,0.689338
111.267,0.611837
111.333,0.522603
111.4,0.695157
111.467,0.691881
111.533,0.645197
111.6,0.683189
111.667,0.675677
111.733,0.63955
111.8,0.662475
111.867,0.653642
111.933,0.645499
112,0.628229
112.067,0.677162
112.133,0.653893
112.2,0.686446
112.267,0.685693
112.333,0.654406
112.4,0.679851
112.467,0.665061
112.533,0.651452
112.6,0.68643
112.667,0.694138
112.733,0.683875
112.8,0.707184
112.867,0.705957
112.933,0.68491
113,0.696697
113.067,0.692908
113.133,0.656977
113.2,0.695816
113.267,0.727256
113.333,0.671292
113.4,0.73918
113.467,0.733447
113.533,0.710515
113.6,0.739376
113.667,0.716534
113.733,0.69897
113.8,0.691478
113.867,0.693837
113.933,0.682613
114,0.683522
114.067,0.672566
114.133,0.641149
114.2,0.662444
114.267,0.654716
114.333,0.643304
114.4,0.655476
114.467,0.651385
114.533,0.624526
114.6,0.640753
114.667,0.631231
114.733,0.600465
114.8,0.622519
114.867,0.5984
114.933,0.573845
115,0.593615
115.067,0.599618
115.133,0.574738
115.2,0.603952
115.267,0.612111
115.333,0.576404
115.4,0.615246
115.467,0.612785
115.533,0.589332
115.6,0.625948
115.667,0.612448
115.733,0.600582
115.8,0.626634
115.867,0.620493
115.933,0.599481
116,0.630016
116.067,0.626305
116.133,0.582129
116.2,0.605379
116.267,0.602953
116.333,0.557445
116.4,0.598568
116.467,0.5874
116.533,0.55634
116.6,0.585511
116.667,0.591671
116.733,0.559972
116.8,0.59434
116.867,0.602714
116.933,0.563852
117,0.603925
117.067,0.617076
117.133,0.56078
117.2,0.613694
117.267,0.585362
117.333,0.56105
117.4,0.595488
117.467,0.588046
117.533,0.545285
117.6,0.585738
117.667,0.587466
117.733,0.528325
117.8,0.575616
117.867,0.567536
117.933,0.531922
118,0.562296
118.067,0.562876
118.133,0.536135
118.2,0.563997
118.267,0.561563
118.333,0.532972
118.4,0.557366
118.467,0.538509
118.533,0.514057
118.6,0.538764
118.667,0.496881
118.733,0.495768
118.8,0.514092
118.867,0.509621
118.933,0.483251
119,0.493703
119.067,0.471037
119.133,0.44317
119.2,0.464426
119.267,0.456243
119.333,0.437367
119.4,0.439855
119.467,0.4375
119.533,0.415884
119.6,0.430858
119.667,0.422777
119.733,0.391898
119.8,0.420477
119.867,0.419419
119.933,0.407165
120,0.467231
120.067,0.470292
120.133,0.443468
120.2,0.485595
120.267,0.493103
120.333,0.445177
120.4,0.501885
120.467,0.498413
120.533,0.438237
120.6,0.489882
120.667,0.48146
120.733,0.437139
120.8,0.465868
120.867,0.478227
120.933,0.41128
121,0.474654
121.067,0.47628
121.133,0.400593
121.2,0.485642
121.267,0.479803
121.333,0.402682
121.4,0.47744
121.467,0.478851
121.533,0.416656
121.6,0.477122
121.667,0.488863
121.733,0.426473
121.8,0.493585
121.867,0.499965
121.933,0.437798
122,0.510365
122.067,0.518783
122.133,0.436838
122.2,0.481841
122.267,0.478255
122.333,0.41532
122.4,0.477291
122.467,0.467502
122.533,0.39205
122.6,0.456322
122.667,0.458806
122.733,0.375137
122.8,0.42041
122.867,0.402114
122.933,0.367801
123,0.386556
123.067,0.365058
123.133,0.315768
123.2,0.353952
123.267,0.353647
123.333,0.302288
123.4,0.348458
123.467,0.299419
123.533,0.264178
123.6,0.271349
123.667,0.264033
123.733,0.23987
123.8,0.255753
123.867,0.254957
123.933,0.234642
124,0.25058
124.067,0.251842
124.133,0.232134
124.2,0.255584
124.267,0.266028
124.333,0.23561
124.4,0.256991
124.467,0.279571
124.533,0.246767
124.6,0.284936
124.667,0.287444
124.733,0.266804
124.8,0.296939
124.867,0.309024
124.933,0.287734
125,0.34829
125.067,0.378554
125.133,0.312085
125.2,0.385353
125.267,0.391541
125.333,0.365513
125.4,0.431931
125.467,0.439181
125.533,0.395456
125.6,0.45899
125.667,0.493036
125.733,0.433158
125.8,0.474697
125.867,0.502735
125.933,0.453042
126,0.509863
126.067,0.51196
126.133,0.486649
126.2,0.542577
126.267,0.540312
126.333,0.49768
126.4,0.50837
126.467,0.539701
126.533,0.521204
126.6,0.558087
126.667,0.586079
126.733,0.524531
126.8,0.606907
126.867,0.597878
126.933,0.576537
127,0.598474
127.067,0.598674
127.133,0.556465
127.2,0.58247
127.267,0.567312
127.333,0.551332
127.4,0.570502
127.467,0.546453
127.533,0.510385
127.6,0.5326
127.667,0.51149
127.733,0.487072
127.8,0.488389
127.867,0.474277
127.933,0.456091
128,0.465836
128.067,0.489972
128.133,0.439314
128.2,0.480379
128.267,0.456134
128.333,0.420501
128.4,0.444291
128.467,0.430407
128.533,0.411593
128.6,0.414274
128.667,0.42351
128.733,0.372566
128.8,0.392313
128.867,0.37982
128.933,0.349591
129,0.362487
129.067,0.348533
129.133,0.321207
129.2,0.334708
129.267,0.330875
129.333,0.302394
129.4,0.332568
129.467,0.327058
129.533,0.266298
129.6,0.316066
129.667,0.275546
129.733,0.228353
129.8,0.28084
129.867,0.25821
129.933,0.204417
130,0.233032
130.067,0.215213
130.133,0.172209
130.2,0.193813
130.267,0.179012
130.333,0.151326
130.4,0.173992
130.467,0.151028
130.533,0.0947121
130.6,0.113079
130.667,0.0803107
130.733,0.137485
130.8,0.0596197
130.867,0.0521859
130.933,0.0573194
131,0.0415778
131.067,0.0269923
131.133,0.0418286
131.2,0.0255502
131.267,0.0102553
131.333,0.0330898
131.4,0.0179086
131.467,0.0270472
131.533,0.0233988
131.6,0.0361621
131.667,0.0341557
131.733,0.0233635
131.8,0.0122382
131.867,0.0166782
131.933,0.0185396
132,0.0138253
132.067,0.0139781
132.133,0.0227405
132.2,0.0124302
132.267,0.0219959
132.333,0.0239239
132.4,0.122755
132.467,0.0234889
132.533,0.0295708
132.6,0.022474
132.667,0.036456
132.733,0.0324707
132.8,0.0457905
132.867,0.0289595
132.933,0.0146718
133,0.0214904
133.067,0.0202325
133.133,0.017411
133.2,0.0180027
133.267,0.0145189
133.333,0.0240493
133.4,0.0255032
133.467,0.0226386
133.533,0.0298726
133.6,0.0343595
133.667,0.0463587
133.733,0.0540277
133.8,0.081451
133.867,0.111026
133.933,0.123186
134,0.140263
134.067,0.174117
134.133,0.170606
134.2,0.189663
134.267,0.208583
134.333,0.231598
134.4,0.260702
134.467,0.305015
134.533,0.304945
134.6,0.351182
134.667,0.371794
134.733,0.367958
134.8,0.403434
134.867,0.420998
134.933,0.409512
135,0.462153
135.067,0.468576
135.133,0.437747
135.2,0.44408
135.267,0.38031
135.333,0.420524
135.4,0.434675
135.467,0.433797
135.533,0.407459
135.6,0.412495
135.667,0.403983
135.733,0.382579
135.8,0.362946
135.867,0.381184
135.933,0.352487
136,0.369384
136.067,0.35802
136.133,0.325565
136.2,0.343983
136.267,0.337082
136.333,0.298624
136.4,0.331032
136.467,0.317308
136.533,0.267576
136.6,0.30063
136.667,0.294446
136.733,0.236794
136.8,0.274085
136.867,0.257904
136.933,0.214042
137,0.245125
137.067,0.258539
137.133,0.181512
137.2,0.249941
137.267,0.252963
137.333,0.15374
137.4,0.198437
137.467,0.139805
137.533,0.134056
137.6,0.134699
137.667,0.135024
137.733,0.102495
137.8,0.119992
137.867,0.0951353
137.933,0.0736998
138,0.0698947
138.067,0.071517
138.133,0.062547
138.2,0.040798
138.267,0.033372
138.333,0.0599528
138.4,0.0384272
138.467,0.041425
138.533,0.0530558
138.6,0.0432747
138.667,0.0350727
138.733,0.053483
138.8,0.0305936
138.867,0.0328116
138.933,0.0224387
139,0.03501
139.067,0.0718462
139.133,0.0507046
139.2,0.0342067
139.267,0.0300136
139.333,0.0557754
139.4,0.0250878
139.467,0.0402298
139.533,0.0365462
139.6,0.0337678
139.667,0.0259068
139.733,0.0194017
139.8,0.0138292
139.867,0.0305035
139.933,0.00862123
140,0.0192332
140.067,0.0309737
140.133,0.0374318
140.2,0.0362719
140.267,0.0444385
140.333,0.0518332
140.4,0.0588203
140.467,0.0701651
140.533,0.0844214
140.6,0.0895001
140.667,0.0993479
140.733,0.142286
140.8,0.120964
140.867,0.133182
140.933,0.139202
141,0.156589
141.067,0.172597
141.133,0.181034
141.2,0.206255
141.267,0.216354
141.333,0.211506
141.4,0.243291
141.467,0.24576
141.533,0.248899
141.6,0.268833
141.667,0.29869
141.733,0.286601
141.8,0.31721
141.867,0.317543
141.933,0.301939
142,0.341181
142.067,0.338187
142.133,0.317054
142.2,0.338626
142.267,0.338089
142.333,0.311027
142.4,0.336126
142.467,0.324648
142.533,0.310133
142.6,0.323531
142.667,0.322242
142.733,0.317986
142.8,0.335918
142.867,0.330072
142.933,0.312919
143,0.321482
143.067,0.321156
143.133,0.306982
143.2,0.318382
143.267,0.304737
143.333,0.291339
143.4,0.299121
143.467,0.29505
143.533,0.284485
143.6,0.292804
143.667,0.285418
143.733,0.276593
143.8,0.29367
143.867,0.286907
143.933,0.292385
144,0.307363
144.067,0.30759
144.133,0.277314
144.2,0.297883
144.267,0.298765
144.333,0.265456
144.4,0.262822
144.467,0.253002
144.533,0.265095
144.6,0.289532
144.667,0.303879
144.733,0.251325
144.8,0.331639
144.867,0.347106
144.933,0.242233
145,0.338391
145.067,0.321301
145.133,0.218105
145.2,0.29436
145.267,0.295771
145.333,0.211671
145.4,0.245932
145.467,0.251936
145.533,0.172358
145.6,0.228443
145.667,0.213995
145.733,0.16887
145.8,0.186148
145.867,0.183769
145.933,0.103866
146,0.163443
146.067,0.141463
146.133,0.100132
146.2,0.109235
146.267,0.115191
146.333,0.0618534
146.4,0.0635306
146.467,0.063848
146.533,0.0735548
146.6,0.0813256
146.667,0.0776812
146.733,0.0517313
146.8,0.0577074
146.867,0.0325883
146.933,0.0324981
147,0.0329213
147.067,0.0353823
147.133,0.0352961
147.2,0.0255032
147.267,0.0257344
147.333,0.0216079
147.4,0.20966
147.467,0.0341636
147.533,0.0557872
147.6,0.0288772
147.667,0.0313264
147.733,0.0499326
147.8,0.0381411
147.867,0.0244059
147.933,0.0116034
148,0.0250956
148.067,0.025123
148.133,0.0262752
148.2,0.0235908
148.267,0.0109803
148.333,0.0171523
148.4,0.00755141
148.467,0.0217725
148.533,0.037808
148.6,0.0265181
148.667,0.0256364
148.733,0.0220312
148.8,0.0217059
148.867,0.00994185
148.933,0.0161021
149,0.0191822
149.067,0.134593
149.133,0.0274194
149.2,0.0248409
149.267,0.038145
149.333,0.014613
149.4,0.0237397
149.467,0.026957
149.533,0.0132845
149.6,0.0253033
149.667,0.0253778
149.733,0.0183397
149.8,0.0321572
149.867,0.0146169
149.933,0.0187747
150,0.0153615
150.067,0.0133903
150.133,0.0260165
150.2,0.0337247
150.267,0.0269845
150.333,0.0202325
150.4,0.0214865
150.467,0.0335209
150.533,0.0157024
150.6,0.0409587
150.667,0.0401593
150.733,0.109776
150.8,0.0320475
150.867,0.0293906
150.933,0.020977
151,0.029755
151.067,0.039544
151.133,0.0453359
151.2,0.0464763
151.267,0.0542275
151.333,0.0587772
151.4,0.0622727
151.467,0.0768661
151.533,0.0920042
151.6,0.100324
151.667,0.113412
151.733,0.108173
151.8,0.110344
151.867,0.128535
151.933,0.125145
152,0.142172
152.067,0.15318
152.133,0.142211
152.2,0.14919
152.267,0.148332
152.333,0.150444
152.4,0.163811
152.467,0.17108
152.533,0.155695
152.6,0.181336
152.667,0.181446
152.733,0.174114
152.8,0.195471
152.867,0.197199
152.933,0.168498
153,0.206251
153.067,0.199868
153.133,0.173855
153.2,0.21557
153.267,0.214571
153.333,0.185294
153.4,0.235567
153.467,0.236578
153.533,0.187704
153.6,0.237766
153.667,0.233945
153.733,0.18451
153.8,0.248413
153.867,0.242453
153.933,0.177174
154,0.258347
154.067,0.271918
154.133,0.165555
154.2,0.254409
154.267,0.205334
154.333,0.162275
154.4,0.23041
154.467,0.265887
154.533,0.166958
154.6,0.264476
154.667,0.252234
154.733,0.148967
154.8,0.239094
154.867,0.240513
154.933,0.154876
155,0.229721
155.067,0.242817
155.133,0.148771
155.2,0.262062
155.267,0.256047
155.333,0.140534
155.4,0.238534
155.467,0.241418
155.533,0.12578
155.6,0.223325
155.667,0.225457
155.733,0.128868
155.8,0.19828
155.867,0.200126
155.933,0.106801
156,0.167138
156.067,0.163219
156.133,0.0917025
156.2,0.152435
156.267,0.119412
156.333,0.0621904
156.4,0.084731
156.467,0.07986
156.533,0.0572685
156.6,0.0770738
156.667,0.0744169
156.733,0.0418208
156.8,0.0571313
156.867,0.0588085
156.933,0.0534673
157,0.0537651
157.067,0.0489333
157.133,0.0496113
157.2,0.0519116
157.267,0.0456729
157.333,0.0375063
157.4,0.0887634
157.467,0.0476519
157.533,0.041425
157.6,0.0448892
157.667,0.0497131
157.733,0.0521584
157.8,0.0500384
157.867,0.0876662
157.933,0.0692442
158,0.106895
158.067,0.109972
158.133,0.0692794
158.2,0.140742
158.267,0.139025
158.333,0.0780261
158.4,0.141804
158.467,0.145201
158.533,0.0705961
158.6,0.141655
158.667,0.0923099
158.733,0.0534085
158.8,0.0686877
158.867,0.0770424
158.933,0.060666
159,0.0888888
159.067,0.0870705
159.133,0.076725
159.2,0.0832497
159.267,0.112229
159.333,0.0911382
159.4,0.120188
159.467,0.127465
159.533,0.102663
159.6,0.130318
159.667,0.135706
159.733,0.119153
159.8,0.133367
159.867,0.167785
159.933,0.143226
160,0.211479
160.067,0.1827
160.133,0.156534
160.2,0.198727
160.267,0.20959
160.333,0.169634
160.4,0.237491
160.467,0.222612
160.533,0.139636
160.6,0.216248
160.667,0.214202
160.733,0.155225
160.8,0.192418
160.867,0.189342
160.933,0.113295
161,0.187453
161.067,0.183495
161.133,0.0870392
161.2,0.157337
161.267,0.0920277
161.333,0.0620807
161.4,0.0816666
161.467,0.0706079
161.533,0.033129
161.6,0.0268395
161.667,0.0203775
161.733,0.0135157
161.8,0.00807261
161.867,0.0113565
161.933,0.0218979
162,0.047452
162.067,0.0179596
162.133,0.0300724
162.2,0.0137117
162.267,0.0250682
162.333,0.0360838
162.4,0.0451047
162.467,0.0599959
162.533,0.0693343
162.6,0.0839943
162.667,0.0825914
162.733,0.0778536
162.8,0.0917848
162.867,0.0947552
162.933,0.0924196
163,0.0946141
163.067,0.0943241
163.133,0.105465
163.2,0.202297
163.267,0.196697
163.333,0.124263
163.4,0.182813
163.467,0.248237
163.533,0.126191
163.6,0.238973
163.667,0.23447
163.733,0.124471
163.8,0.236057
163.867,0.229262
163.933,0.124835
164,0.214144
164.067,0.20118
164.133,0.134989
164.2,0.173526
164.267,0.187911
164.333,0.0940302
164.4,0.184635
164.467,0.137987
164.533,0.0601566
164.6,0.0731668
164.667,0.0684643
164.733,0.0351864
164.8,0.0578132
164.867,0.0283521
164.933,0.0245901
165,0.0187629
165.067,0.0266161
165.133,0.0244334
165.2,0.0480712
165.267,0.0402572
165.333,0.0318868
165.4,0.0557245
165.467,0.0545058
165.533,0.03646
165.6,0.0495995
165.667,0.0516647
165.733,0.0563672
165.8,0.0480555
165.867,0.0483338
165.933,0.0439957
166,0.0538709
166.067,0.065008
166.133,0.0530323
166.2,0.109274
166.267,0.123048
166.333,0.0832576
166.4,0.119208
166.467,0.116512
166.533,0.0854991
166.6,0.125513
166.667,0.124001
166.733,0.0797072
166.8,0.134985
166.867,0.134178
166.933,0.058448
167,0.139068
167.067,0.130639
167.133,0.0475774
167.2,0.106022
167.267,0.0930544
167.333,0.0706314
167.4,0.108851
167.467,0.115434
167.533,0.0907776
167.6,0.126007
167.667,0.131015
167.733,0.119451
167.8,0.143171
167.867,0.136255
167.933,0.122179
168,0.130298
168.067,0.136494
168.133,0.120129
168.2,0.136466
168.267,0.137603
168.333,0.13591
168.4,0.138543
168.467,0.146138
168.533,0.146153
168.6,0.21227
168.667,0.267039
168.733,0.164042
168.8,0.273203
168.867,0.25725
168.933,0.199456
169,0.286045
169.067,0.297726
169.133,0.203061
169.2,0.267928
169.267,0.26049
169.333,0.204507
169.4,0.268649
169.467,0.285382
169.533,0.198974
169.6,0.29545
169.667,0.292268
169.733,0.207074
169.8,0.297338
169.867,0.298863
169.933,0.183366
170,0.298216
170.067,0.225112
170.133,0.134338
170.2,0.150883
170.267,0.143406
170.333,0.11699
170.4,0.125129
170.467,0.138535
170.533,0.0636756
170.6,0.123193
170.667,0.0692206
170.733,0.0638833
170.8,0.0560223
170.867,0.0405668
170.933,0.0260675
171,0.0155496
171.067,0.00800991
171.133,0.00831165
171.2,0.0357859
171.267,0.0722342
171.333,0.120392
171.4,0.0754475
171.467,0.0482867
171.533,0.0796758
171.6,0.0294023
171.667,0.0622179
171.733,0.106417
171.8,0.0618495
171.867,0.0215413
171.933,0.0606699
172,0.0656624
172.067,0.0393951
172.133,0.0612225
172.2,0.0135118
172.267,0.0508574
172.333,0.0306877
172.4,0.241022
172.467,0.0791037
172.533,0.0863181
172.6,0.113158
172.667,0.0334582
172.733,0.0786883
172.8,0.0558029
172.867,0.0427966
172.933,0.134178
173,0.0680372
173.067,0.0816039
173.133,0.0706706
173.2,0.114513
173.267,0.0645025
173.333,0.0454456
173.4,0.0270236
173.467,0.0838023
173.533,0.111135
173.6,0.0854521
173.667,0.0350727
173.733,0.0694558
173.8,0.0181869
173.867,0.05565
173.933,0.0874585
174,0.0220508
174.067,0.298126
174.133,0.0758159
174.2,0.0372751
174.267,0.0508496
174.333,0.0508026
174.4,0.0100398
174.467,0.0015675
174.533,0.0398262
174.6,0.0140722
174.667,0.0110234
174.733,0.0192684
174.8,0.0181634
174.867,0.0115603
174.933,0.00366402
175,0.0117797
175.067,0.0218235
175.133,0.0251387
175.2,0.0374357
175.267,0.049768
175.333,0.053432
175.4,0.0632446
175.467,0.0756435
175.533,0.063997
175.6,0.0815529
175.667,0.0800677
175.733,0.0850915
175.8,0.0963775
175.867,0.112723
175.933,0.112209
176,0.135416
176.067,0.14727
176.133,0.154363
176.2,0.193139
176.267,0.271369
176.333,0.235348
176.4,0.29128
176.467,0.322336
176.533,0.270683
176.6,0.369761
176.667,0.389221
176.733,0.299188
176.8,0.402075
176.867,0.421327
176.933,0.300152
177,0.42951
177.067,0.442265
177.133,0.329985
177.2,0.445878
177.267,0.468834
177.333,0.36507
177.4,0.436074
177.467,0.399798
177.533,0.359619
177.6,0.408607
177.667,0.415892
177.733,0.375533
177.8,0.432504
177.867,0.416499
177.933,0.373691
178,0.420885
178.067,0.431657
178.133,0.345069
178.2,0.427135
178.267,0.420935
178.333,0.315557
178.4,0.414803
178.467,0.407106
178.533,0.286742
178.6,0.398501
178.667,0.381141
178.733,0.27401
178.8,0.359239
178.867,0.350821
178.933,0.259503
179,0.325075
179.067,0.320365
179.133,0.242433
179.2,0.262791
179.267,0.262795
179.333,0.201995
179.4,0.218689
179.467,0.204825
179.533,0.166558
179.6,0.193927
179.667,0.179184
179.733,0.145879
179.8,0.16012
179.867,0.142995
179.933,0.121536
180,0.126121
180.067,0.111907
180.133,0.099536
180.2,0.0958602
180.267,0.100892
180.333,0.0904563
180.4,0.0891122
180.467,0.0873644
180.533,0.0890024
180.6,0.0878072
180.667,0.0844136
180.733,0.209135
180.8,0.0987875
180.867,0.0958838
180.933,0.0948375
181,0.0940929
181.067,0.0959229
181.133,0.0988267
181.2,0.0875094
181.267,0.0893316
181.333,0.104787
181.4,0.0942496
181.467,0.0969928
181.533,0.109157
181.6,0.102879
181.667,0.105641
181.733,0.11891
181.8,0.113651
181.867,0.0961973
181.933,0.0959935
182,0.107526
182.067,0.110606
182.133,0.109881
182.2,0.118581
182.267,0.125694
182.333,0.128147
182.4,0.140996
182.467,0.131634
182.533,0.125235
182.6,0.136705
182.667,0.136016
182.733,0.0967498
182.8,0.118032
182.867,0.112323
182.933,0.104446
183,0.0972357
183.067,0.0995635
183.133,0.117331
183.2,0.109603
183.267,0.106719
183.333,0.103498
183.4,0.101491
183.467,0.101346
183.533,0.101648
183.6,0.103423
183.667,0.104403
183.733,0.103999
183.8,0.109309
183.867,0.117723
183.933,0.120838
184,0.124545
184.067,0.127923
184.133,0.121019
184.2,0.129503
184.267,0.134589
184.333,0.127567
184.4,0.135941
184.467,0.130063
184.533,0.131901
184.6,0.137912
184.667,0.13897
184.733,0.1379
184.8,0.163623
184.867,0.163521
184.933,0.161331
185,0.166437
185.067,0.153544
185.133,0.152984
185.2,0.172652
185.267,0.173996
185.333,0.156409
185.4,0.17132
185.467,0.166507
185.533,0.167832
185.6,0.167895
185.667,0.165144
185.733,0.219602
185.8,0.160104
185.867,0.162581
185.933,0.172809
186,0.160171
186.067,0.159367
186.133,0.152416
186.2,0.161323
186.267,0.162741
186.333,0.168279
186.4,0.165857
186.467,0.168631
186.533,0.176998
186.6,0.165179
186.667,0.163459
186.733,0.155327
186.8,0.168043
186.867,0.164521
186.933,0.146878
187,0.141404
187.067,0.143461
187.133,0.0974865
187.2,0.115109
187.267,0.104117
187.333,0.0892376
187.4,0.210158
187.467,0.0994459
187.533,0.0817293
187.6,0.0722537
187.667,0.0689463
187.733,0.0578994
187.8,0.0704668
187.867,0.053291
187.933,0.0687896
188,0.0445404
188.067,0.0642752
188.133,0.0739388
188.2,0.0579112
188.267,0.0469544
188.333,0.0477107
188.4,0.0561242
188.467,0.0364443
188.533,0.0573429
188.6,0.0557245
188.667,0.0680372
188.733,0.0554894
188.8,0.0360759
188.867,0.0342968
188.933,0.0345241
189,0.038388
189.067,0.153752
189.133,0.055458
189.2,0.0437958
189.267,0.0345084
189.333,0.060525
189.4,0.042777
189.467,0.0373378
189.533,0.0397595
189.6,0.0361896
189.667,0.0409077
189.733,0.0451047
189.8,0.0394852
189.867,0.0313499
189.933,0.0363855
190,0.0380745
190.067,0.040896
190.133,0.0258794
190.2,0.0424282
190.267,0.0419188
190.333,0.0302135
190.4,0.0379413
190.467,0.0391835
190.533,0.0416053
190.6,0.0477969
190.667,0.0451517
190.733,0.181551
190.8,0.056665
190.867,0.0648787
190.933,0.0591416
191,0.0349708
191.067,0.0375768
191.133,0.0558969
191.2,0.0400103
191.267,0.061873
191.333,0.07832
191.4,0.0456768
191.467,0.0491097
191.533,0.0590554
191.6,0.0452458
191.667,0.0390777
191.733,0.0591926
191.8,0.0354137
191.867,0.0357036
191.933,0.0368283
192,0.0314557
192.067,0.0463117
192.133,0.0416092
192.2,0.042726
192.267,0.0488158
192.333,0.0491724
192.4,0.06761
192.467,0.0585617
192.533,0.0626567
192.6,0.0498307
192.667,0.0510769
192.733,0.0653411
192.8,0.0605759
192.867,0.0610383
192.933,0.0645769
193,0.056857
193.067,0.0398732
193.133,0.0632093
193.2,0.0608816
193.267,0.0651177
193.333,0.0525582
193.4,0.0646475
193.467,0.0555952
193.533,0.0584715
193.6,0.0599411
193.667,0.0520879
193.733,0.0529696
193.8,0.0512885
193.867,0.0578955
193.933,0.0698751
194,0.0632994
194.067,0.106574
194.133,0.0765487
194.2,0.0657526
194.267,0.0656076
194.333,0.0634797
194.4,0.0575193
194.467,0.0651647
194.533,0.0771639
194.6,0.06636
194.667,0.0696282
194.733,0.065635
194.8,0.0682684
194.867,0.0536789
194.933,0.0712897
195,0.0652
195.067,0.0574566
195.133,0.058495
195.2,0.077979
195.267,0.0679392
195.333,0.0790136
195.4,0.0669439
195.467,0.0864435
195.533,0.0639891
195.6,0.0930231
195.667,0.0753809
195.733,0.114482
195.8,0.0757101
195.867,0.088011
195.933,0.0680489
196,0.0781946
196.067,0.0682605
196.133,0.0562927
196.2,0.0571274
196.267,0.0549839
196.333,0.0556892
196.4,0.0524132
196.467,0.0575193
196.533,0.0626685
196.6,0.0667401
196.667,0.0717326
196.733,0.0763723
196.8,0.0697379
196.867,0.084057
196.933,0.0994459
197,0.0931759
197.067,0.0929447
197.133,0.104932
197.2,0.107946
197.267,0.10512
197.333,0.124381
197.4,0.149602
197.467,0.104736
197.533,0.130384
197.6,0.123824
197.667,0.133186
197.733,0.141717
197.8,0.131713
197.867,0.153133
197.933,0.143732
198,0.148822
198.067,0.149872
198.133,0.165704
198.2,0.167483
198.267,0.171476
198.333,0.190831
198.4,0.184471
198.467,0.17766
198.533,0.177174
198.6,0.19145
198.667,0.192124
198.733,0.195608
198.8,0.198041
198.867,0.205993
198.933,0.202897
199,0.209696
199.067,0.285566
199.133,0.24652
199.2,0.23938
199.267,0.238181
199.333,0.229834
199.4,0.240568
199.467,0.253421
199.533,0.244866
199.6,0.258747
199.667,0.272611
199.733,0.258406
199.8,0.272223
199.867,0.27593
199.933,0.274026
200,0.290743
200.067,0.291182
200.133,0.271236
200.2,0.308448
200.267,0.299509
200.333,0.292177
200.4,0.324738
200.467,0.33042
200.533,0.351013
200.6,0.358224
200.667,0.346401
200.733,0.398371
200.8,0.346738
200.867,0.36679
200.933,0.379334
201,0.375792
201.067,0.386599
201.133,0.357969
201.2,0.385969
201.267,0.377935
201.333,0.372606
201.4,0.368487
201.467,0.375196
201.533,0.289952
201.6,0.344156
201.667,0.295081
201.733,0.187163
201.8,0.245776
201.867,0.258088
201.933,0.260929
202,0.250039
202.067,0.210817
202.133,0.258809
202.2,0.212086
202.267,0.230324
202.333,0.274649
202.4,0.298126
202.467,0.217447
202.533,0.222949
202.6,0.260867
202.667,0.271906
202.733,0.221867
202.8,0.240489
202.867,0.255819
202.933,0.220453
203,0.189079
203.067,0.184588
203.133,0.193907
203.2,0.193049
203.267,0.197975
203.333,0.167318
203.4,0.194593
203.467,0.205115
203.533,0.230014
203.6,0.205675
203.667,0.192712
203.733,0.19705
203.8,0.178793
203.867,0.164967
203.933,0.166711
204,0.16552
204.067,0.205953
204.133,0.189134
204.2,0.181449
204.267,0.183072
204.333,0.161374
204.4,0.191184
204.467,0.202619
204.533,0.151048
204.6,0.207352
204.667,0.205287
204.733,0.195498
204.8,0.18067
204.867,0.212274
204.933,0.16958
205,0.195886
205.067,0.175136
205.133,0.170822
205.2,0.176633
205.267,0.178804
205.333,0.168408
205.4,0.1626
205.467,0.14653
205.533,0.143728
205.6,0.143579
205.667,0.149077
205.733,0.241532
205.8,0.167585
205.867,0.163294
205.933,0.164172
206,0.164383
206.067,0.170634
206.133,0.178981
206.2,0.16927
206.267,0.178311
206.333,0.182696
206.4,0.173792
206.467,0.177687
206.533,0.188111
206.6,0.186587
206.667,0.201184
206.733,0.197222
206.8,0.200714
206.867,0.218482
206.933,0.185815
207,0.203888
207.067,0.187802
207.133,0.182978
207.2,0.206435
207.267,0.134742
207.333,0.153607
207.4,0.288235
207.467,0.193347
207.533,0.239682
207.6,0.182151
207.667,0.176461
207.733,0.119055
207.8,0.13415
207.867,0.121265
207.933,0.124726
208,0.135044
208.067,0.11817
208.133,0.115575
208.2,0.125423
208.267,0.127892
208.333,0.143014
208.4,0.117856
208.467,0.141141
208.533,0.146412
208.6,0.12094
208.667,0.135686
208.733,0.177511
208.8,0.137242
208.867,0.12393
208.933,0.100085
209,0.0954449
209.067,0.132003
209.133,0.0889123
209.2,0.0972475
209.267,0.111653
209.333,0.0780848
209.4,0.0837161
209.467,0.103674
209.533,0.0984976
209.6,0.0929565
209.667,0.101249
209.733,0.104768
209.8,0.1065
209.867,0.118507
209.933,0.141584
210,0.0916476
210.067,0.0915261
210.133,0.100147
210.2,0.0970986
210.267,0.098478
210.333,0.110857
210.4,0.110352
210.467,0.110026
210.533,0.104513
210.6,0.110297
210.667,0.102851
210.733,0.300195
210.8,0.11429
210.867,0.114106
210.933,0.131388
211,0.10206
211.067,0.11585
211.133,0.0185356
211.2,0.108914
211.267,0.0717757
211.333,0.0953704
211.4,0.0780535
211.467,0.123891
211.533,0.112487
211.6,0.127825
211.667,0.0925215
211.733,0.0239553
211.8,0.129005
211.867,0.103094
211.933,0.124698
212,0.13136
212.067,0.140726
212.133,0.0718971
212.2,0.141553
212.267,0.130996
212.333,0.0962364
212.4,0.0887007
212.467,0.12971
212.533,0.0870352
212.6,0.074797
212.667,0.135012
212.733,0.11161
212.8,0.077258
212.867,0.159348
212.933,0.0817567
213,0.160743
213.067,0.152584
213.133,0.0616026
213.2,0.130522
213.267,0.167734
213.333,0.16485
213.4,0.168149
213.467,0.135063
213.533,0.0985485
213.6,0.122539
213.667,0.107413
213.733,0.0763214
213.8,0.102608
213.867,0.0575781
213.933,0.0465115
214,0.0445051
214.067,0.187237
214.133,0.065008
214.2,0.056183
214.267,0.0503088
214.333,0.0752085
214.4,0.0681508
214.467,0.0925176
214.533,0.146996
214.6,0.116912
214.667,0.0490666
214.733,0.0431218
214.8,0.0340068
214.867,0.0206204
214.933,0.0555756
215,0.0389249
215.067,0.0516255
215.133,0.0477107
215.2,0.0470131
215.267,0.0514923
215.333,0.0673906
215.4,0.059847
215.467,0.0713446
215.533,0.0649375
215.6,0.0545175
215.667,0.0592083
215.733,0.31596
215.8,0.0797346
215.867,0.0437018
215.933,0.0560693
216,0.0448186
216.067,0.039979
216.133,0.062888
216.2,0.0309424
216.267,0.0511396
216.333,0.083912
216.4,0.0439017
216.467,0.0353
216.533,0.0411272
216.6,0.0378825
216.667,0.0394774
216.733,0.0593101
216.8,0.0442622
216.867,0.0463665
216.933,0.0386545
217,0.0342459
217.067,0.0295003
217.133,0.0439683
217.2,0.0296766
217.267,0.0317967
217.333,0.0317026
217.4,0.18163
217.467,0.0111762
217.533,0.0478674
217.6,0.0108196
217.667,0.0262046
217.733,0.0139938
217.8,0.0136921
217.867,0.0208908
217.933,0.0252171
218,0.0114192
218.067,0.014225
218.133,0.0253386
218.2,0.0177441
218.267,0.0316007
218.333,0.0236183
218.4,0.0351942
218.467,0.0353549
218.533,0.0402533
218.6,0.0247468
218.667,0.0292064
218.733,0.040171
218.8,0.0264633
218.867,0.0295826
218.933,0.0273646
219,0.0246136
219.067,0.164744
219.133,0.117692
219.2,0.0239043
219.267,0.0107178
219.333,0.00800207
219.4,0.0287596
219.467,0.0111135
219.533,0.0211965
219.6,0.015671
219.667,0.0187277
219.733,0.0164665
219.8,0.0256834
219.867,0.0130925
219.933,0.0547448
220,0.016925
220.067,0.027921
220.133,0.0273254
220.2,0.0290927
220.267,0.0435294
220.333,0.0321337
220.4,0.037228
220.467,0.040414
220.533,0.0565318
220.6,0.0401279
220.667,0.0434118
220.733,0.093266
220.8,0.103419
220.867,0.0503166
220.933,0.0477459
221,0.0446815
221.067,0.0469426
221.133,0.0662698
221.2,0.0517548
221.267,0.049188
221.333,0.0487883
221.4,0.0405159
221.467,0.040508
221.533,0.0466526
221.6,0.0634287
221.667,0.0653254
221.733,0.0638089
221.8,0.0439173
221.867,0.0645926
221.933,0.0579974
222,0.0739035
222.067,0.0588908
222.133,0.0750517
222.2,0.0688248
222.267,0.0675317
222.333,0.0640244
222.4,0.110258
222.467,0.0884969
222.533,0.079668
222.6,0.0696125
222.667,0.0821956
222.733,0.115364
222.8,0.0759452
222.867,0.078947
222.933,0.0722146
223,0.0731982
223.067,0.0711212
223.133,0.0751928
223.2,0.0627469
223.267,0.0664423
223.333,0.0752829
223.4,0.0532831
223.467,0.0570961
223.533,0.0525973
223.6,0.0634013
223.667,0.0572371
223.733,0.0658192
223.8,0.069687
223.867,0.0715131
223.933,0.0795935
224,0.0602977
224.067,0.0972827
224.133,0.0707215
224.2,0.0571392
224.267,0.0679745
224.333,0.0712231
224.4,0.0579033
224.467,0.0716934
224.533,0.0676022
224.6,0.0697222
224.667,0.0468877
224.733,0.0574448
224.8,0.0410214
224.867,0.0383096
224.933,0.036362
225,0.0316125
225.067,0.0307112
225.133,0.0501991
225.2,0.0332505
225.267,0.0379844
225.333,0.038823
225.4,0.0271765
225.467,0.0250682
225.533,0.0293514
225.6,0.0244843
225.667,0.0313499
225.733,0.220476
225.8,0.0692246
225.867,0.0352256
225.933,0.0370203
226,0.0357193
226.067,0.0370752
226.133,0.0531773
226.2,0.0295199
226.267,0.0352021
226.333,0.0755377
226.4,0.0385016
226.467,0.0611324
226.533,0.053095
226.6,0.0249585
226.667,0.03289
226.733,0.0299705
226.8,0.0209261
226.867,0.0243511
226.933,0.0357899
227,0.0321415
227.067,0.0281248
227.133,0.0233322
227.2,0.0282502
227.267,0.0295473
227.333,0.0293004
227.4,0.297358
227.467,0.0401044
227.533,0.0658427
227.6,0.0724418
227.667,0.0800834
227.733,0.0646044
227.8,0.0559675
227.867,0.0598901
227.933,0.0538984
228,0.0517117
228.067,0.074268
228.133,0.0786648
228.2,0.0513081
228.267,0.0839355
228.333,0.0705334
228.4,0.0509397
228.467,0.0552817
228.533,0.0701455
228.6,0.0328508
228.667,0.0471346
228.733,0.0718148
228.8,0.107652
228.867,0.095919
228.933,0.0671437
229,0.137411
229.067,0.324821
229.133,0.179702
229.2,0.0517626
229.267,0.135055
229.333,0.0708783
229.4,0.0182574
229.467,0.0433099
229.533,0.0347867
229.6,0.0339324
229.667,0.0508496
229.733,0.0392227
229.8,0.0296139
229.867,0.0258323
229.933,0.0528952
230,0.0909971
230.067,0.0659759
230.133,0.0413153
230.2,0.0332192
230.267,0.0600861
230.333,0.0705021
230.4,0.0377414
230.467,0.0326196
230.533,0.0787745
230.6,0.0497327
230.667,0.0564338
230.733,0.348603
230.8,0.0610775
230.867,0.0318123
230.933,0.0949589
231,0.0273528
231.067,0.0683232
231.133,0.0667753
231.2,0.035543
231.267,0.0546743
231.333,0.055795
231.4,0.0604779
231.467,0.0697497
231.533,0.0840844
231.6,0.0599685
231.667,0.0192449
231.733,0.0627234
231.8,0.0270903
231.867,0.0211103
231.933,0.0633386
232,0.00624647
232.067,0.0130651
232.133,0.0264554
232.2,0.0147776
232.267,0.0111998
232.333,0.0384781
232.4,0.223415
232.467,0.149755
232.533,0.148328
232.6,0.0989913
232.667,0.116332
232.733,0.0420951
232.8,0.0997868
232.867,0.0656663
232.933,0.0873448
233,0.0568805
233.067,0.0284109
233.133,0.0932817
233.2,0.0878778
233.267,0.014758
233.333,0.0546782
233.4,0.0900644
233.467,0.0536554
233.533,0.0615477
233.6,0.06279
233.667,0.0202756
233.733,0.0175089
233.8,0.0376082
233.867,0.0273646
233.933,0.0217882
234,0.0215727
234.067,0.290884
234.133,0.125313
234.2,0.0587654
234.267,0.0511474
234.333,0.133562
234.4,0.0669948
234.467,0.15912
234.533,0.133551
234.6,0.0459786
234.667,0.110975
234.733,0.110156
234.8,0.090519
234.867,0.154054
234.933,0.131658
235,0.130204
235.067,0.0459864
235.133,0.070263
235.2,0.105089
235.267,0.0353549
235.333,0.019143
235.4,0.119083
235.467,0.0507281
235.533,0.0896647
235.6,0.0802872
235.667,0.0143583
235.733,0.363354
235.8,0.128519
235.867,0.1499
235.933,0.0699064
236,0.115074
236.067,0.133711
236.133,0.106519
236.2,0.0865415
236.267,0.0107138
236.333,0.0256521
236.4,0.0278544
236.467,0.0385369
236.533,0.0776616
236.6,0.026863
236.667,0.0330938
236.733,0.0299
236.8,0.024645
236.867,0.0350649
236.933,0.051794
237,0.031828
237.067,0.0270354
237.133,0.0439487
237.2,0.0331604
237.267,0.0470484
237.333,0.0660739
237.4,0.248593
237.467,0.0368166
237.533,0.035927
237.6,0.0468133
237.667,0.038819
237.733,0.0639421
237.8,0.0882932
237.867,0.0483847
237.933,0.0962795
238,0.116054
238.067,0.127328
238.133,0.139162
238.2,0.0919493
238.267,0.0473423
238.333,0.0875172
238.4,0.0602271
238.467,0.0783356
238.533,0.0636756
238.6,0.0731198
238.667,0.0690169
238.733,0.0610344
238.8,0.0374671
238.867,0.0305662
238.933,0.01678
239,0.0111331
239.067,0.0126379
239.133,0.0171288
239.2,0.026863
239.267,0.00928742
239.333,0.0273136
239.4,0.0343791
239.467,0.0218783
239.533,0.0232734
239.6,0.0266239
239.667,0.136137
239.733,0.0457944
239.8,0.028211
239.867,0.0465821
239.933,0.0347005
240,0.0163999
240.067,0.0211847
240.133,0.0180615
240.2,0.0159806
240.267,0.0154085
240.333,0.0138998
240.4,0.0327959
240.467,0.0444503
240.533,0.0128652
240.6,0.0185513
240.667,0.0137469
240.733,0.0116465
240.8,0.0130455
240.867,0.0238064
240.933,0.0163529
241,0.0166664
241.067,0.0211377
241.133,0.0221879
241.2,0.0206322
241.267,0.024355
241.333,0.150005
241.4,0.0314361
241.467,0.0619553
241.533,0.042679
241.6,0.042871
241.667,0.0436861
241.733,0.0329527
241.8,0.0353549
241.867,0.0429024
241.933,0.0283678
242,0.0326039
242.067,0.0462059
242.133,0.0221017
242.2,0.0257736
242.267,0.0323688
242.333,0.0229873
242.4,0.021318
242.467,0.0186023
242.533,0.0235556
242.6,0.0208007
242.667,0.0230461
242.733,0.0246998
242.8,0.0198602
242.867,0.0251426
242.933,0.0233322
243,0.131309
243.067,0.0513825
243.133,0.033517
243.2,0.0386505
243.267,0.061775
243.333,0.0474599
243.4,0.0286499
243.467,0.0372711
243.533,0.0254444
243.6,0.036264
243.667,0.02575
243.733,0.0278505
243.8,0.0187786
243.867,0.0471581
243.933,0.0260322
244,0.0185474
244.067,0.0258284
244.133,0.0136686
244.2,0.0182417
244.267,0.0198092
244.333,0.0195976
244.4,0.0174345
244.467,0.0255071
244.533,0.0200444
244.6,0.0223682
244.667,0.159822
244.733,0.0358839
244.8,0.0324197
244.867,0.0181046
244.933,0.0266945
245,0.0243942
245.067,0.0200013
245.133,0.0169329
245.2,0.0247429
245.267,0.0190177
245.333,0.0176657
245.4,0.029034
245.467,0.02093
245.533,0.0288459
245.6,0.0214238
245.667,0.0237515
245.733,0.0230383
245.8,0.0316634
245.867,0.0283795
245.933,0.0272039
246,0.0291241
246.067,0.0577426
246.133,0.0311266
246.2,0.0207262
246.267,0.0147619
246.333,0.231417
246.4,0.042679
246.467,0.060427
246.533,0.0976119
246.6,0.0207968
246.667,0.0815921
246.733,0.0938107
246.8,0.123401
246.867,0.0274351
246.933,0.108526
247,0.0924039
247.067,0.0898489
247.133,0.106065
247.2,0.104517
247.267,0.078367
247.333,0.0917142
247.4,0.095825
247.467,0.0986896
247.533,0.0909853
247.6,0.0896882
247.667,0.0860673
247.733,0.0845899
247.8,0.0888222
247.867,0.08401
247.933,0.0812316
248,0.270123
248.067,0.12895
248.133,0.0999122
248.2,0.112425
248.267,0.0997084
248.333,0.104971
248.4,0.0853972
248.467,0.0998103
248.533,0.0894296
248.6,0.0954057
248.667,0.107648
248.733,0.114717
248.8,0.0924
248.867,0.123158
248.933,0.0970986
249,0.0997398
249.067,0.104168
249.133,0.107609
249.2,0.0905308
249.267,0.106699
249.333,0.0979411
249.4,0.10842
249.467,0.121367
249.533,0.114909
249.6,0.0966401
249.667,0.355688
249.733,0.10492
249.8,0.129989
249.867,0.116116
249.933,0.12904
250,0.122739
250.067,0.0932543
250.133,0.109987
250.2,0.121379
250.267,0.0972632
250.333,0.0976354
250.4,0.120486
250.467,0.0403043
250.533,0.0811415
250.6,0.123201
250.667,0.0270315
250.733,0.0322316
250.8,0.0203657
250.867,0.0143073
250.933,0.0433021
251,0.0150166
251.067,0.0131787
251.133,0.0202011
251.2,0.0183005
251.267,0.0209849
251.333,0.0812198
251.4,0.02392
251.467,0.0290104
251.533,0.0325922
251.6,0.0225288
251.667,0.0197073
251.733,0.0281209
251.8,0.0353666
251.867,0.048949
251.933,0.0470758
252,0.0403395
252.067,0.0239161
252.133,0.0491645
252.2,0.0615791
252.267,0.0569315
252.333,0.0592279
252.4,0.0573978
252.467,0.0385016
252.533,0.0475382
252.6,0.0511592
252.667,0.0409391
252.733,0.0484787
252.8,0.0547409
252.867,0.0539728
252.933,0.0579112
253,0.327039
253.067,0.16264
253.133,0.0900605
253.2,0.0882148
253.267,0.106848
253.333,0.0991716
253.4,0.117547
253.467,0.115285
253.533,0.109544
253.6,0.11862
253.667,0.121101
253.733,0.112049
253.8,0.109635
253.867,0.111786
253.933,0.120462
254,0.11949
254.067,0.0913968
254.133,0.113581
254.2,0.115321
254.267,0.0291829
254.333,0.112452
254.4,0.119255
254.467,0.0995791
254.533,0.124126
254.6,0.0786256
254.667,0.280605
254.733,0.0877759
254.8,0.0349787
254.867,0.0327489
254.933,0.0204284
255,0.0204245
255.067,0.0405355
255.133,0.0295943
255.2,0.0238181
255.267,0.033662
255.333,0.0185552
255.4,0.0250408
255.467,0.0341714
255.533,0.0135001
255.6,0.0178107
255.667,0.0195624
255.733,0.024065
255.8,0.0291789
255.867,0.03588
255.933,0.0279641
256,0.0368871
256.067,0.0363542
256.133,0.0198092
256.2,0.0203108
256.267,0.0318711
256.333,0.177711
256.4,0.0414407
256.467,0.0940263
256.533,0.0328195
256.6,0.0330898
256.667,0.0484983
256.733,0.0355391
256.8,0.0296414
256.867,0.0482985
256.933,0.020546
257,0.0284109
257.067,0.0653489
257.133,0.0334935
257.2,0.040751
257.267,0.0606386
257.333,0.0366912
257.4,0.0402964
257.467,0.0628017
257.533,0.0522878
257.6,0.0325412
257.667,0.0621356
257.733,0.0548898
257.8,0.0418208
257.867,0.0348454
257.933,0.0411938
258,0.142235
258.067,0.0573116
258.133,0.0574644
258.2,0.0817489
258.267,0.109466
258.333,0.0791546
258.4,0.0534124
258.467,0.0588752
258.533,0.0364678
258.6,0.0306289
258.667,0.0309228
258.733,0.0409939
258.8,0.0413114
258.867,0.041331
258.933,0.0403003
259,0.031252
259.067,0.035206
259.133,0.0379687
259.2,0.0387799
259.267,0.0420638
259.333,0.0322943
259.4,0.036605
259.467,0.0442347
259.533,0.0402572
259.6,0.0417111
259.667,0.175364
259.733,0.0472365
259.8,0.0422715
259.867,0.0643771
259.933,0.0574958
260,0.0750792
260.067,0.0423381
260.133,0.0500266
260.2,0.049815
260.267,0.0330977
260.333,0.0497915
260.4,0.0652235
260.467,0.0351158
260.533,0.0493761
260.6,0.0518645
260.667,0.072822
260.733,0.0363502
260.8,0.0532557
260.867,0.0495721
260.933,0.0462999
261,0.0428554
261.067,0.0496622
261.133,0.0521663
261.2,0.0409587
261.267,0.049623
261.333,0.254036
261.4,0.055074
261.467,0.0942692
261.533,0.0453986
261.6,0.0341949
261.667,0.0550074
261.733,0.0302331
261.8,0.0363071
261.867,0.0181359
261.933,0.0291202
262,0.0295826
262.067,0.0259186
262.133,0.0273685
262.2,0.0356096
262.267,0.0378394
262.333,0.0314753
262.4,0.0256364
262.467,0.0281797
262.533,0.0254013
262.6,0.0229717
262.667,0.0215021
262.733,0.0315145
262.8,0.0341479
262.867,0.0257696
262.933,0.022568
263,0.121426
263.067,0.0872782
263.133,0.0372006
263.2,0.0325843
263.267,0.0735273
263.333,0.0138763
263.4,0.0113761
263.467,0.0298804
263.533,0.0273254
263.6,0.0401514
263.667,0.102534
263.733,0.0510181
263.8,0.0252524
263.867,0.0360798
263.933,0.0392305
264,0.0373378
264.067,0.0100006
264.133,0.0277878
264.2,0.0355547
264.267,0.0191783
264.333,0.0194291
264.4,0.0316713
264.467,0.0187159
264.533,0.0300842
264.6,0.0268355
264.667,0.131681
264.733,0.119381
264.8,0.054255
264.867,0.0751027
264.933,0.0436117
265,0.044897
265.067,0.0681822
265.133,0.0348415
265.2,0.042487
265.267,0.0140213
265.333,0.0198092
265.4,0.0284461
265.467,0.0178028
265.533,0.0252328
265.6,0.0290144
265.667,0.0214434
265.733,0.0331761
265.8,0.0228032
265.867,0.0155104
265.933,0.0185239
266,0.0201737
266.067,0.0151969
266.133,0.0244686
266.2,0.0251426
266.267,0.0461745
266.333,0.256619
266.4,0.166829
266.467,0.100571
266.533,0.0815882
266.6,0.106241
266.667,0.123711
266.733,0.137826
266.8,0.0274273
266.867,0.0200679
266.933,0.0142485
267,0.0434157
267.067,0.0600743
267.133,0.0315733
267.2,0.161824
267.267,0.127912
267.333,0.0973964
267.4,0.0228149
267.467,0.0226033
267.533,0.0399672
267.6,0.0262791
267.667,0.0162118
267.733,0.0357546
267.8,0.0325412
267.867,0.0175129
267.933,0.0316203
268,0.0809063
268.067,0.0143583
268.133,0.0253033
268.2,0.0316673
268.267,0.0181869
268.333,0.0399202
268.4,0.0235399
268.467,0.0671163
268.533,0.00946376
268.6,0.0135197
268.667,0.0140134
268.733,0.0217098
268.8,0.0484396
268.867,0.0135549
268.933,0.022713
269,0.0194997
269.067,0.0289399
269.133,0.0196721
269.2,0.0200522
269.267,0.0210397
269.333,0.022909
269.4,0.0219489
269.467,0.0199895
269.533,0.0236183
269.6,0.0656585
269.667,0.178083
269.733,0.0941517
269.8,0.101205
269.867,0.0574135
269.933,0.059992
270,0.0453124
270.067,0.0766702
270.133,0.113977
270.2,0.0805497
270.267,0.115035
270.333,0.0604427
270.4,0.120874
270.467,0.0823406
270.533,0.082756
270.6,0.0618573
270.667,0.0798326
270.733,0.0463078
270.8,0.0567747
270.867,0.027874
270.933,0.0483259
271,0.0196838
271.067,0.0204872
271.133,0.0461236
271.2,0.0120149
271.267,0.0133747
271.333,0.213595
271.4,0.0392188
271.467,0.0480281
271.533,0.0220586
271.6,0.0241199
271.667,0.0293514
271.733,0.042103
271.8,0.0458336
271.867,0.0499444
271.933,0.0296218
272,0.0487844
272.067,0.0201933
272.133,0.0386858
272.2,0.024837
272.267,0.0317771
272.333,0.0195075
272.4,0.0182692
272.467,0.0224505
272.533,0.0686603
272.6,0.0383684
272.667,0.0433805
272.733,0.0321337
272.8,0.00595257
272.867,0.0788803
272.933,0.0567081
273,0.255569
273.067,0.108823
273.133,0.0927174
273.2,0.116187
273.267,0.0958289
273.333,0.0877289
273.4,0.0997045
273.467,0.0835946
273.533,0.0774265
273.6,0.0935443
273.667,0.0717169
273.733,0.131004
273.8,0.11498
273.867,0.103032
273.933,0.0786452
274,0.0853815
274.067,0.0672887
274.133,0.0814745
274.2,0.0409861
274.267,0.0845899
274.333,0.0194526
274.4,0.0150519
274.467,0.049623
274.533,0.0324119
274.6,0.016831
274.667,0.179815
274.733,0.0634287
274.8,0.0629859
274.867,0.0517391
274.933,0.0469308
275,0.0562574
275.067,0.0262987
275.133,0.0259421
275.2,0.0385643
275.267,0.144092
275.333,0.135404
275.4,0.10974
275.467,0.217392
275.533,0.180482
275.6,0.175364
275.667,0.219015
275.733,0.195992
275.8,0.0490509
275.867,0.173443
275.933,0.162024
276,0.0813648
276.067,0.127555
276.133,0.244079
276.2,0.156518
276.267,0.235834
276.333,0.319346
276.4,0.26883
276.467,0.200914
276.533,0.208892
276.6,0.167381
276.667,0.1794
276.733,0.199339
276.8,0.218685
276.867,0.217047
276.933,0.248511
277,0.232793
277.067,0.254471
277.133,0.249494
277.2,0.236065
277.267,0.262403
277.333,0.253002
277.4,0.259997
277.467,0.273814
277.533,0.275872
277.6,0.183468
277.667,0.282772
277.733,0.272972
277.8,0.230751
277.867,0.29309
277.933,0.287722
278,0.240344
278.067,0.242786
278.133,0.164799
278.2,0.265275
278.267,0.267058
278.333,0.27807
278.4,0.190451
278.467,0.186865
278.533,0.182484
278.6,0.262759
278.667,0.206365
278.733,0.25029
278.8,0.16456
278.867,0.166519
278.933,0.194605
279,0.227796
279.067,0.207787
279.133,0.14142
279.2,0.236849
279.267,0.230896
279.333,0.222122
279.4,0.221138
279.467,0.191191
279.533,0.244494
279.6,0.252445
279.667,0.301692
279.733,0.169172
279.8,0.187719
279.867,0.279434
279.933,0.346033
280,0.354094
280.067,0.399715
280.133,0.332987
280.2,0.397286
280.267,0.427719
280.333,0.433456
280.4,0.512536
280.467,0.473956
280.533,0.429353
280.6,0.581992
280.667,0.630996
280.733,0.651326
280.8,0.620019
280.867,0.66666
280.933,0.667123
281,0.651416
281.067,0.675661
281.133,0.679956
281.2,0.626763
281.267,0.666084
281.333,0.684773
281.4,0.633492
281.467,0.645362
281.533,0.645099
281.6,0.623707
281.667,0.655386
281.733,0.645546
281.8,0.616101
281.867,0.628296
281.933,0.636529
282,0.589238
282.067,0.629287
282.133,0.620493
282.2,0.57252
282.267,0.615411
282.333,0.668651
282.4,0.632367
282.467,0.682472
282.533,0.681018
282.6,0.663388
282.667,0.684365
282.733,0.69212
282.8,0.658999
282.867,0.689405
282.933,0.690635
283,0.651448
283.067,0.681391
283.133,0.685733
283.2,0.673071
283.267,0.699056
283.333,0.641878
283.4,0.690451
283.467,0.737491
283.533,0.734509
283.6,0.725308
283.667,0.743793
283.733,0.742942
283.8,0.726182
283.867,0.750721
283.933,0.749687
284,0.711541
284.067,0.759311
284.133,0.677417
284.2,0.71557
284.267,0.75455
284.333,0.762701
284.4,0.735407
284.467,0.746653
284.533,0.737742
284.6,0.712976
284.667,0.733761
284.733,0.706243
284.8,0.704821
284.867,0.715695
284.933,0.745446
285,0.621285
285.067,0.736951
285.133,0.739843
285.2,0.71867
285.267,0.757767
285.333,0.768724
285.4,0.736935
285.467,0.764676
285.533,0.761396
285.6,0.74382
285.667,0.766819
285.733,0.758178
285.8,0.720794
285.867,0.761901
285.933,0.767384
286,0.715895
286.067,0.762756
286.133,0.771443
286.2,0.753578
286.267,0.758672
286.333,0.743373
286.4,0.759476
286.467,0.764394
286.533,0.786574
286.6,0.76946
286.667,0.79641
286.733,0.807805
286.8,0.764883
286.867,0.803115
286.933,0.804827
287,0.805266
287.067,0.821223
287.133,0.815945
287.2,0.795939
287.267,0.82455
287.333,0.818801
287.4,0.796186
287.467,0.816658
287.533,0.814483
287.6,0.791237
287.667,0.813778
287.733,0.811556
287.8,0.793702
287.867,0.812014
287.933,0.818468
288,0.785429
288.067,0.790398
288.133,0.80293
288.2,0.78095
288.267,0.799737
288.333,0.791209
288.4,0.761364
288.467,0.787467
288.533,0.786879
288.6,0.778771
288.667,0.783015
288.733,0.783117
288.8,0.766851
288.867,0.78113
288.933,0.781432
289,0.762258
289.067,0.776632
289.133,0.770569
289.2,0.73746
289.267,0.768042
289.333,0.763433
289.4,0.751297
289.467,0.76678
289.533,0.772423
289.6,0.751803
289.667,0.760067
289.733,0.758096
289.8,0.732342
289.867,0.758958
289.933,0.75752
290,0.736947
290.067,0.755725
290.133,0.747762
290.2,0.72079
290.267,0.746693
290.333,0.743934
290.4,0.722808
290.467,0.735148
290.533,0.72909
290.6,0.69513
290.667,0.722663
290.733,0.715472
290.8,0.685882
290.867,0.711248
290.933,0.70919
291,0.674635
291.067,0.701333
291.133,0.702227
291.2,0.680313
291.267,0.704868
291.333,0.693731
291.4,0.664003
291.467,0.6985
291.533,0.705906
291.6,0.676477
291.667,0.706059
291.733,0.68529
291.8,0.643912
291.867,0.615963
291.933,0.665367
292,0.668079
292.067,0.662702
292.133,0.618319
292.2,0.587756
292.267,0.668459
292.333,0.66534
292.4,0.666237
292.467,0.699049
292.533,0.702638
292.6,0.667393
292.667,0.6825
292.733,0.6875
292.8,0.650844
292.867,0.679921
292.933,0.676512
293,0.586706
293.067,0.644958
293.133,0.655782
293.2,0.633805
293.267,0.640781
293.333,0.62984
293.4,0.617257
293.467,0.629644
293.533,0.634476
293.6,0.601997
293.667,0.627359
293.733,0.61485
293.8,0.592279
293.867,0.601876
293.933,0.622598
294,0.602565
294.067,0.621501
294.133,0.622331
294.2,0.597075
294.267,0.625012
294.333,0.631572
294.4,0.585037
294.467,0.628323
294.533,0.627653
294.6,0.586126
294.667,0.614125
294.733,0.605571
294.8,0.575252
294.867,0.614118
294.933,0.62518
295,0.55143
295.067,0.628198
295.133,0.632869
295.2,0.578786
295.267,0.607597
295.333,0.617398
295.4,0.607805
295.467,0.64729
295.533,0.642783
295.6,0.611116
295.667,0.659438
295.733,0.674317
295.8,0.627571
295.867,0.675861
295.933,0.675716
296,0.633758
296.067,0.692841
296.133,0.705021
296.2,0.655178
296.267,0.70401
296.333,0.70272
296.4,0.669454
296.467,0.711154
296.533,0.713759
296.6,0.687931
296.667,0.716405
296.733,0.720108
296.8,0.697203
296.867,0.734976
296.933,0.731253
297,0.711385
297.067,0.731907
297.133,0.742174
297.2,0.718564
297.267,0.746117
297.333,0.747284
297.4,0.711918
297.467,0.742942
297.533,0.738843
297.6,0.716099
297.667,0.737871
297.733,0.741461
297.8,0.718529
297.867,0.751336
297.933,0.756094
298,0.721354
298.067,0.738173
298.133,0.739388
298.2,0.692681
298.267,0.740905
298.333,0.72869
298.4,0.694761
298.467,0.723944
298.533,0.709735
298.6,0.671754
298.667,0.700036
298.733,0.708375
298.8,0.674168
298.867,0.709241
298.933,0.695886
299,0.670916
299.067,0.690666
299.133,0.666597
299.2,0.64024
299.267,0.677178
299.333,0.694025
299.4,0.654398
299.467,0.701882
299.533,0.687759
299.6,0.647251
299.667,0.686187
299.733,0.680415
299.8,0.654046
299.867,0.692465
299.933,0.687743
300,0.663639
300.067,0.696466
300.133,0.697579
300.2,0.671637
300.267,0.706604
300.333,0.720966
300.4,0.669638
300.467,0.715319
300.533,0.712513
300.6,0.648767
300.667,0.714351
300.733,0.71497
300.8,0.659908
300.867,0.710201
300.933,0.704668
301,0.645503
301.067,0.689671
301.133,0.671852
301.2,0.629918
301.267,0.678334
301.333,0.659599
301.4,0.600398
301.467,0.652227
301.533,0.674235
301.6,0.649661
301.667,0.685756
301.733,0.668341
301.8,0.631007
301.867,0.674639
301.933,0.676974
302,0.6202
302.067,0.678871
302.133,0.682421
302.2,0.634542
302.267,0.678181
302.333,0.672738
302.4,0.636341
302.467,0.662005
302.533,0.657012
302.6,0.617547
302.667,0.641486
302.733,0.630126
302.8,0.5866
302.867,0.627069
302.933,0.625627
303,0.599587
303.067,0.6026
303.133,0.614835
303.2,0.572332
303.267,0.624961
303.333,0.62605
303.4,0.589543
303.467,0.658811
303.533,0.661911
303.6,0.624945
303.667,0.673643
303.733,0.680282
303.8,0.654065
303.867,0.689855
303.933,0.687269
304,0.668655
304.067,0.683526
304.133,0.699033
304.2,0.669364
304.267,0.703242
304.333,0.707556
304.4,0.681555
304.467,0.707
304.533,0.710914
304.6,0.684929
304.667,0.709284
304.733,0.70546
304.8,0.679533
304.867,0.717067
304.933,0.708352
305,0.661413
305.067,0.703128
305.133,0.698668
305.2,0.663443
305.267,0.689236
305.333,0.678608
305.4,0.645338
305.467,0.653591
305.533,0.659955
305.6,0.630714
305.667,0.659744
305.733,0.657357
305.8,0.624596
305.867,0.649919
305.933,0.642094
306,0.618252
306.067,0.636635
306.133,0.658321
306.2,0.62326
306.267,0.647117
306.333,0.649884
306.4,0.598925
306.467,0.654175
306.533,0.621838
306.6,0.608729
306.667,0.630267
306.733,0.638649
306.8,0.604842
306.867,0.640479
306.933,0.638065
307,0.595845
307.067,0.620051
307.133,0.62705
307.2,0.586389
307.267,0.617355
307.333,0.607746
307.4,0.584241
307.467,0.601817
307.533,0.592012
307.6,0.553271
307.667,0.564267
307.733,0.556054
307.8,0.524653
307.867,0.545246
307.933,0.540763
308,0.539897
308.067,0.537491
308.133,0.527247
308.2,0.491469
308.267,0.521416
308.333,0.510067
308.4,0.484599
308.467,0.50714
308.533,0.510585
308.6,0.466557
308.667,0.503546
308.733,0.503503
308.8,0.483604
308.867,0.520303
308.933,0.523971
309,0.492437
309.067,0.524422
309.133,0.52566
309.2,0.483565
309.267,0.540908
309.333,0.539246
309.4,0.482542
309.467,0.55661
309.533,0.568406
309.6,0.50654
309.667,0.582909
309.733,0.580279
309.8,0.520225
309.867,0.602945
309.933,0.604219
310,0.530609
310.067,0.628789
310.133,0.621481
310.2,0.530155
310.267,0.613404
310.333,0.606684
310.4,0.534136
310.467,0.585084
310.533,0.584445
310.6,0.507892
310.667,0.578351
310.733,0.552868
310.8,0.476919
310.867,0.555485
310.933,0.557347
311,0.489372
311.067,0.526577
311.133,0.503448
311.2,0.460107
311.267,0.566336
311.333,0.533493
311.4,0.450808
311.467,0.534579
311.533,0.55835
311.6,0.466083
311.667,0.541041
311.733,0.551151
311.8,0.481551
311.867,0.517031
311.933,0.505882
312,0.460119
312.067,0.468215
312.133,0.465441
312.2,0.425332
312.267,0.4643
312.333,0.464151
312.4,0.417753
312.467,0.452019
312.533,0.454707
312.6,0.429682
312.667,0.452493
312.733,0.43083
312.8,0.426966
312.867,0.45111
312.933,0.422617
313,0.431786
313.067,0.434635
313.133,0.447708
313.2,0.412961
313.267,0.467122
313.333,0.481018
313.4,0.425058
313.467,0.491046
313.533,0.501689
313.6,0.438538
313.667,0.519057
313.733,0.530088
313.8,0.435505
313.867,0.523285
313.933,0.525425
314,0.448625
314.067,0.534775
314.133,0.521537
314.2,0.475014
314.267,0.535527
314.333,0.535715
314.4,0.496873
314.467,0.562433
314.533,0.572422
314.6,0.51796
314.667,0.574644
314.733,0.568672
314.8,0.510682
314.867,0.566462
314.933,0.572936
315,0.527615
315.067,0.575369
315.133,0.591463
315.2,0.517489
315.267,0.584809
315.333,0.570655
315.4,0.52787
315.467,0.548138
315.533,0.53577
315.6,0.494177
315.667,0.544928
315.733,0.545838
315.8,0.486806
315.867,0.522682
315.933,0.516474
316,0.471029
316.067,0.512172
316.133,0.505047
316.2,0.457803
316.267,0.486559
316.333,0.490309
316.4,0.444033
316.467,0.49335
316.533,0.485916
316.6,0.45332
316.667,0.470696
316.733,0.455597
316.8,0.414411
316.867,0.449284
316.933,0.44214
317,0.392658
317.067,0.448367
317.133,0.441219
317.2,0.360771
317.267,0.427652
317.333,0.416033
317.4,0.347134
317.467,0.399962
317.533,0.387665
317.6,0.316689
317.667,0.360215
317.733,0.354309
317.8,0.290716
317.867,0.349328
317.933,0.338419
318,0.273681
318.067,0.306685
318.133,0.298463
318.2,0.199178
318.267,0.252872
318.333,0.234568
318.4,0.184197
318.467,0.203923
318.533,0.186646
318.6,0.15559
318.667,0.159528
318.733,0.151487
318.8,0.0959504
318.867,0.128836
318.933,0.100328
319,0.079186
319.067,0.0673044
319.133,0.0540238
319.2,0.0418561
319.267,0.0315067
319.333,0.0194761
319.4,0.0142681
319.467,0.0193743
319.533,0.0152909
319.6,0.0300685
319.667,0.200796
319.733,0.0393442
319.8,0.0410723
319.867,0.0592474
319.933,0.048514
320,0.0380941
320.067,0.0174541
320.133,0.0141075
320.2,0.0550387
320.267,0.0227992
320.333,0.00686563
320.4,0.0246724
320.467,0.0161452
320.533,0.00922472
320.6,0.0362248
320.667,0.0128182
320.733,0.0169838
320.8,0.0378041
320.867,0.019288
320.933,0.0794838
321,0.0381803
321.067,0.0172621
321.133,0.0129593
321.2,0.0198719
321.267,0.0141467
321.333,0.190533
321.4,0.0449166
321.467,0.0310051
321.533,0.0430356
321.6,0.0945004
321.667,0.0229364
321.733,0.0130259
321.8,0.0140448
321.867,0.0177754
321.933,0.0225484
322,0.0582403
322.067,0.0391678
322.133,0.0159258
322.2,0.0159336
322.267,0.0481221
322.333,0.0445012
322.4,0.0291594
322.467,0.0301194
322.533,0.0345163
322.6,0.0221918
322.667,0.0233361
322.733,0.0563397
322.8,0.0277173
322.867,0.0207301
322.933,0.0266631
323,0.0251505
323.067,0.0262987
323.133,0.049384
323.2,0.0164901
323.267,0.0232538
323.333,0.0298334
323.4,0.0231519
323.467,0.0260635
323.533,0.0217137
323.6,0.0227953
323.667,0.0225249
323.733,0.0304643
323.8,0.0215021
323.867,0.0235516
323.933,0.112993
324,0.026667
324.067,0.0323453
324.133,0.0503362
324.2,0.0327136
324.267,0.0365658
324.333,0.0230657
324.4,0.0255659
324.467,0.0234184
324.533,0.052323
324.6,0.0240258
324.667,0.0261067
324.733,0.0138645
324.8,0.0297354
324.867,0.0239004
324.933,0.0261694
325,0.0198798
325.067,0.0190843
325.133,0.053095
325.2,0.02874
325.267,0.0225798
325.333,0.0242413
325.4,0.0231206
325.467,0.0229521
325.533,0.0208007
325.6,0.173643
325.667,0.0487609
325.733,0.0408137
325.8,0.035637
325.867,0.0234341
325.933,0.023822
326,0.0202756
326.067,0.020691
326.133,0.0307582
326.2,0.0257618
326.267,0.0232264
326.333,0.0569393
326.4,0.0165292
326.467,0.0198876
326.533,0.0181986
326.6,0.0219998
326.667,0.0317496
326.733,0.00828814
326.8,0.0245705
326.867,0.0202246
326.933,0.0221762
327,0.018277
327.067,0.0169721
327.133,0.00949903
327.2,0.0147815
327.267,0.0890416
327.333,0.0167134
327.4,0.0147737
327.467,0.0193311
327.533,0.0382038
327.6,0.0246371
327.667,0.014852
327.733,0.0125086
327.8,0.0255228
327.867,0.0389092
327.933,0.0368597
328,0.0616457
328.067,0.0708665
328.133,0.0652314
328.2,0.0861653
328.267,0.0810592
328.333,0.0695106
328.4,0.0910951
328.467,0.0928781
328.533,0.114329
328.6,0.114909
328.667,0.126238
328.733,0.136035
328.8,0.243417
328.867,0.255768
328.933,0.182794
329,0.24788
329.067,0.264511
329.133,0.190984
329.2,0.28028
329.267,0.267031
329.333,0.202458
329.4,0.234592
329.467,0.236382
329.533,0.207615
329.6,0.297558
329.667,0.313315
329.733,0.222255
329.8,0.306018
329.867,0.329778
329.933,0.20613
330,0.327528
330.067,0.318402
330.133,0.209229
330.2,0.303072
330.267,0.320435
330.333,0.167091
330.4,0.299545
330.467,0.275366
330.533,0.169936
330.6,0.261639
330.667,0.262113
330.733,0.13544
330.8,0.249659
330.867,0.212584
330.933,0.125619
331,0.143704
331.067,0.149551
331.133,0.109094
331.2,0.134566
331.267,0.144151
331.333,0.124416
331.4,0.172961
331.467,0.200581
331.533,0.147368
331.6,0.173267
331.667,0.170265
331.733,0.155041
331.8,0.190043
331.867,0.186795
331.933,0.162357
332,0.187966
332.067,0.190898
332.133,0.173984
332.2,0.242539
332.267,0.264919
332.333,0.190882
332.4,0.246979
332.467,0.236108
332.533,0.217839
332.6,0.267266
332.667,0.273509
332.733,0.225132
332.8,0.28675
332.867,0.311317
332.933,0.234834
333,0.293486
333.067,0.292256
333.133,0.239741
333.2,0.325769
333.267,0.310145
333.333,0.240905
333.4,0.300897
333.467,0.308115
333.533,0.191995
333.6,0.298494
333.667,0.2967
333.733,0.188198
333.8,0.276228
333.867,0.267885
333.933,0.178021
334,0.22985
334.067,0.190419
334.133,0.119279
334.2,0.155018
334.267,0.120799
334.333,0.0890926
334.4,0.0980626
334.467,0.0910441
334.533,0.0542119
334.6,0.0776734
334.667,0.0505988
334.733,0.045089
334.8,0.0497288
334.867,0.0525346
334.933,0.0460256
335,0.0468956
335.067,0.0448696
335.133,0.0307739
335.2,0.040751
335.267,0.0443993
335.333,0.0348729
335.4,0.062645
335.467,0.0611049
335.533,0.038388
335.6,0.0637226
335.667,0.0611167
335.733,0.0413153
335.8,0.0785512
335.867,0.12056
335.933,0.0507712
336,0.123323
336.067,0.110497
336.133,0.0609168
336.2,0.136552
336.267,0.130541
336.333,0.0719794
336.4,0.138884
336.467,0.151922
336.533,0.0862005
336.6,0.16106
336.667,0.1715
336.733,0.111186
336.8,0.175042
336.867,0.146737
336.933,0.125627
337,0.151467
337.067,0.162902
337.133,0.154187
337.2,0.174306
337.267,0.193029
337.333,0.169415
337.4,0.198951
337.467,0.208955
337.533,0.200953
337.6,0.225543
337.667,0.236202
337.733,0.223458
337.8,0.253335
337.867,0.279982
337.933,0.266827
338,0.314789
338.067,0.333936
338.133,0.289038
338.2,0.324386
338.267,0.319409
338.333,0.286499
338.4,0.301751
338.467,0.297076
338.533,0.278231
338.6,0.297119
338.667,0.291633
338.733,0.271291
338.8,0.28414
338.867,0.281413
338.933,0.271835
339,0.269194
339.067,0.272102
339.133,0.251313
339.2,0.271827
339.267,0.263132
339.333,0.250121
339.4,0.263743
339.467,0.262426
339.533,0.233628
339.6,0.235885
339.667,0.233365
339.733,0.209613
339.8,0.222761
339.867,0.213873
339.933,0.181116
340,0.202865
340.067,0.196153
340.133,0.149092
340.2,0.194538
340.267,0.193488
340.333,0.125278
340.4,0.192716
340.467,0.184365
340.533,0.0921845
340.6,0.15644
340.667,0.107397
340.733,0.0893199
340.8,0.131047
340.867,0.119067
340.933,0.058064
341,0.0802284
341.067,0.0574958
341.133,0.0319613
341.2,0.0234654
341.267,0.0186297
341.333,0.154614
341.4,0.00959308
341.467,0.104094
341.533,0.094234
341.6,0.131803
341.667,0.0795779
341.733,0.0559557
341.8,0.125815
341.867,0.109552
341.933,0.0876936
342,0.083818
342.067,0.155123
342.133,0.0728925
342.2,0.0586087
342.267,0.223114
342.333,0.104967
342.4,0.155484
342.467,0.0919219
342.533,0.112342
342.6,0.0430709
342.667,0.145899
342.733,0.137556
342.8,0.0764037
342.867,0.07774
342.933,0.107374
343,0.162726
343.067,0.0836063
343.133,0.0537808
343.2,0.0552738
343.267,0.0615673
343.333,0.0661288
343.4,0.0715836
343.467,0.0704511
343.533,0.0737625
343.6,0.109642
343.667,0.0777517
343.733,0.0602389
343.8,0.101574
343.867,0.0484121
343.933,0.259456
344,0.135189
344.067,0.101417
344.133,0.134958
344.2,0.0870862
344.267,0.0476284
344.333,0.0635267
344.4,0.0656311
344.467,0.0968399
344.533,0.113009
344.6,0.0670497
344.667,0.144652
344.733,0.0824777
344.8,0.130882
344.867,0.162941
344.933,0.077403
345,0.0845351
345.067,0.0541217
345.133,0.0787863
345.2,0.0596432
345.267,0.11813
345.333,0.0830812
345.4,0.0563593
345.467,0.0418561
345.533,0.0542824
345.6,0.221299
345.667,0.117511
345.733,0.095437
345.8,0.184302
345.867,0.0898019
345.933,0.116771
346,0.0667793
346.067,0.090903
346.133,0.124087
346.2,0.0689855
346.267,0.047405
346.333,0.247057
346.4,0.121747
346.467,0.128119
346.533,0.134507
346.6,0.114376
346.667,0.0748009
346.733,0.0609795
346.8,0.1304
346.867,0.0841315
346.933,0.0522682
347,0.0625313
347.067,0.0997124
347.133,0.130032
347.2,0.0817332
347.267,0.0857969
347.333,0.0967498
347.4,0.084633
347.467,0.0385565
347.533,0.103847
347.6,0.0864043
347.667,0.110403
347.733,0.0699848
347.8,0.0618417
347.867,0.0363032
347.933,0.0642242
348,0.226644
348.067,0.0726182
348.133,0.0711918
348.2,0.0840688
348.267,0.0957309
348.333,0.0848055
348.4,0.0616418
348.467,0.117272
348.533,0.102781
348.6,0.045042
348.667,0.0609443
348.733,0.114419
348.8,0.13734
348.867,0.0726574
348.933,0.124048
349,0.0757336
349.067,0.0921178
349.133,0.0631035
349.2,0.0539101
349.267,0.0738643
349.333,0.0512571
349.4,0.0504303
349.467,0.0644123
349.533,0.0925998
349.6,0.0614498
349.667,0.217012
349.733,0.0488863
349.8,0.0968595
349.867,0.0737664
349.933,0.0856362
350,0.0866512
350.067,0.266976
350.133,0.0598784
350.2,0.109427
350.267,0.0732452
350.333,0.0635894
350.4,0.0840021
350.467,0.00958132
350.533,0.019147
350.6,0.0208281
350.667,0.0305779
350.733,0.0424086
350.8,0.0474168
350.867,0.0561752
350.933,0.0681508
351,0.0731786
351.067,0.0902251
351.133,0.0897235
351.2,0.0817802
351.267,0.0889045
351.333,0.08729
351.4,0.0833085
351.467,0.0980195
351.533,0.0951745
351.6,0.0924157
351.667,0.093893
351.733,0.0935208
351.8,0.0905503
351.867,0.0952019
351.933,0.109302
352,0.100633
352.067,0.120548
352.133,0.133625
352.2,0.102279
352.267,0.133088
352.333,0.131815
352.4,0.109356
352.467,0.128358
352.533,0.142141
352.6,0.123342
352.667,0.155523
352.733,0.16695
352.8,0.151032
352.867,0.190776
352.933,0.200322
353,0.222992
353.067,0.205213
353.133,0.209708
353.2,0.192904
353.267,0.208779
353.333,0.2205
353.4,0.207113
353.467,0.226617
353.533,0.218681
353.6,0.206788
353.667,0.217271
353.733,0.227781
353.8,0.210864
353.867,0.232048
353.933,0.231139
354,0.217945
354.067,0.222827
354.133,0.222957
354.2,0.205444
354.267,0.225335
354.333,0.214982
354.4,0.165191
354.467,0.16443
354.533,0.148207
354.6,0.122739
354.667,0.166292
354.733,0.138002
354.8,0.137622
354.867,0.142094
354.933,0.127716
355,0.133982
355.067,0.127324
355.133,0.130862
355.2,0.117887
355.267,0.123515
355.333,0.131196
355.4,0.134448
355.467,0.142583
355.533,0.143924
355.6,0.143661
355.667,0.154249
355.733,0.158486
355.8,0.158031
355.867,0.16097
355.933,0.163223
356,0.153231
356.067,0.163937
356.133,0.168373
356.2,0.154884
356.267,0.168745
356.333,0.181183
356.4,0.15617
356.467,0.171006
356.533,0.170634
356.6,0.151271
356.667,0.18545
356.733,0.186222
356.8,0.179788
356.867,0.19763
356.933,0.195906
357,0.190537
357.067,0.203967
357.133,0.21932
357.2,0.16282
357.267,0.199162
357.333,0.201094
357.4,0.196117
357.467,0.211299
357.533,0.221679
357.6,0.200812
357.667,0.225222
357.733,0.227593
357.8,0.196689
357.867,0.227863
357.933,0.224944
358,0.271604
358.067,0.222083
358.133,0.239321
358.2,0.216346
358.267,0.229352
358.333,0.226789
358.4,0.223968
358.467,0.219759
358.533,0.220316
358.6,0.214406
358.667,0.217137
358.733,0.218403
358.8,0.21595
358.867,0.213203
358.933,0.22086
359,0.217796
359.067,0.232573
359.133,0.235113
359.2,0.23648
359.267,0.237946
359.333,0.240528
359.4,0.229728
359.467,0.244808
359.533,0.250176
359.6,0.253053
359.667,0.257732
359.733,0.243895
359.8,0.235767
359.867,0.249984
359.933,0.227573
360,0.222016
360.067,0.247175
360.133,0.198778
360.2,0.204813
360.267,0.206459
360.333,0.230908
360.4,0.193237
360.467,0.184334
360.533,0.15249
360.6,0.160994
360.667,0.155025
360.733,0.155018
360.8,0.150832
360.867,0.167017
360.933,0.167804
361,0.166789
361.067,0.164379
361.133,0.154504
361.2,0.160202
361.267,0.165406
361.333,0.18094
361.4,0.168494
361.467,0.189875
361.533,0.192782
361.6,0.193645
361.667,0.196137
361.733,0.191528
361.8,0.190302
361.867,0.175469
361.933,0.193166
362,0.172507
362.067,0.184494
362.133,0.203967
362.2,0.195283
362.267,0.199072
362.333,0.209198
362.4,0.216197
362.467,0.220135
362.533,0.229352
362.6,0.229771
362.667,0.232577
362.733,0.245223
362.8,0.247884
362.867,0.251082
362.933,0.257258
363,0.326368
363.067,0.26486
363.133,0.267995
363.2,0.274132
363.267,0.282142
363.333,0.285112
363.4,0.262877
363.467,0.259119
363.533,0.214363
363.6,0.22829
363.667,0.225861
363.733,0.199405
363.8,0.195412
363.867,0.197297
363.933,0.191489
364,0.186724
364.067,0.193468
364.133,0.186869
364.2,0.191928
364.267,0.186054
364.333,0.18585
364.4,0.187214
364.467,0.175673
364.533,0.174658
364.6,0.179071
364.667,0.26455
364.733,0.182464
364.8,0.182139
364.867,0.163784
364.933,0.189538
365,0.166225
365.067,0.170356
365.133,0.106676
365.2,0.10784
365.267,0.106731
365.333,0.105661
365.4,0.11112
365.467,0.113808
365.533,0.11302
365.6,0.120548
365.667,0.11873
365.733,0.125792
365.8,0.128758
365.867,0.131556
365.933,0.138383
366,0.14441
366.067,0.145076
366.133,0.147854
366.2,0.15914
366.267,0.153912
366.333,0.187966
366.4,0.15816
366.467,0.169874
366.533,0.163204
366.6,0.0782925
366.667,0.173436
366.733,0.160535
366.8,0.156781
366.867,0.170618
366.933,0.174756
367,0.153035
367.067,0.169842
367.133,0.17032
367.2,0.173103
367.267,0.163345
367.333,0.172699
367.4,0.152051
367.467,0.173318
367.533,0.161817
367.6,0.172229
367.667,0.153681
367.733,0.155213
367.8,0.16936
367.867,0.17527
367.933,0.174466
368,0.310662
368.067,0.181453
368.133,0.184694
368.2,0.191286
368.267,0.190094
368.333,0.19254
368.4,0.152384
368.467,0.197395
368.533,0.209492
368.6,0.135686
368.667,0.170042
368.733,0.162879
368.8,0.109251
368.867,0.195761
368.933,0.19435
369,0.104207
369.067,0.140201
369.133,0.121293
369.2,0.102165
369.267,0.10204
369.333,0.0959112
369.4,0.104442
369.467,0.101919
369.533,0.104242
369.6,0.105167
369.667,0.147733
369.733,0.130588
369.8,0.114486
369.867,0.120282
369.933,0.107969
370,0.108784
370.067,0.116367
370.133,0.119718
370.2,0.123052
370.267,0.125121
370.333,0.12875
370.4,0.137928
370.467,0.139715
370.533,0.14716
370.6,0.150303
370.667,0.146067
370.733,0.150515
370.8,0.160849
370.867,0.15816
370.933,0.164387
371,0.188131
371.067,0.171939
371.133,0.175603
371.2,0.17672
371.267,0.182562
371.333,0.229054
371.4,0.218615
371.467,0.204335
371.533,0.206815
371.6,0.217721
371.667,0.212572
371.733,0.214888
371.8,0.232852
371.867,0.224904
371.933,0.223901
372,0.228792
372.067,0.223846
372.133,0.232812
372.2,0.219418
372.267,0.221805
372.333,0.220319
372.4,0.195486
372.467,0.122523
372.533,0.120423
372.6,0.107562
372.667,0.176159
372.733,0.227581
372.8,0.204903
372.867,0.186759
372.933,0.192904
373,0.335958
373.067,0.207239
373.133,0.164129
373.2,0.194687
373.267,0.145417
373.333,0.152721
373.4,0.153423
373.467,0.120635
373.533,0.143837
373.6,0.160954
373.667,0.13636
373.733,0.0732295
373.8,0.0880659
373.867,0.0914321
373.933,0.088109
374,0.0861535
374.067,0.0918514
374.133,0.0878347
374.2,0.0989874
374.267,0.095343
374.333,0.11219
374.4,0.108655
374.467,0.10505
374.533,0.110853
374.6,0.114866
374.667,0.167534
374.733,0.124812
374.8,0.125588
374.867,0.118518
374.933,0.116786
375,0.135592
375.067,0.11353
375.133,0.124201
375.2,0.11393
375.267,0.111598
375.333,0.0994498
375.4,0.11123
375.467,0.0900958
375.533,0.0858361
375.6,0.0895942
375.667,0.089555
375.733,0.0897352
375.8,0.0779986
375.867,0.0844763
375.933,0.086855
376,0.0950177
376.067,0.0869686
376.133,0.0650981
376.2,0.0829245
376.267,0.0677354
376.333,0.107714
376.4,0.131172
376.467,0.115952
376.533,0.104517
376.6,0.115705
376.667,0.0928781
376.733,0.0977452
376.8,0.13772
376.867,0.131991
376.933,0.119165
377,0.108196
377.067,0.0978392
377.133,0.0994576
377.2,0.0916358
377.267,0.109654
377.333,0.116594
377.4,0.115493
377.467,0.0982703
377.533,0.110101
377.6,0.126881
377.667,0.0975806
377.733,0.0903505
377.8,0.135103
377.867,0.0888927
377.933,0.109121
378,0.271678
378.067,0.137881
378.133,0.0682605
378.2,0.0925411
378.267,0.0736214
378.333,0.0916985
378.4,0.136627
378.467,0.0825718
378.533,0.0620611
378.6,0.0834457
378.667,0.07205
378.733,0.0459747
378.8,0.0866669
378.867,0.0531146
378.933,0.0612186
379,0.0492978
379.067,0.0592122
379.133,0.0442974
379.2,0.0260949
379.267,0.031248
379.333,0.0542863
379.4,0.0183711
379.467,0.0126105
379.533,0.0186963
379.6,0.0134883
379.667,0.0628331
379.733,0.010079
379.8,0.0103729
379.867,0.0563711
379.933,0.151969
380,0.0595139
380.067,0.139303
380.133,0.0951549
380.2,0.0434902
380.267,0.0782533
380.333,0.0862437
380.4,0.0507947
380.467,0.0886929
380.533,0.0781201
380.6,0.0198367
380.667,0.0140173
380.733,0.0185082
380.8,0.0572959
380.867,0.0679235
380.933,0.0386741
381,0.0896451
381.067,0.0846997
381.133,0.0387799
381.2,0.0107648
381.267,0.0237985
381.333,0.234968
381.4,0.169748
381.467,0.0868158
381.533,0.247265
381.6,0.133398
381.667,0.134656
381.733,0.091436
381.8,0.0535927
381.867,0.0401475
381.933,0.0316791
382,0.0355782
382.067,0.0341832
382.133,0.0281993
382.2,0.0477616
382.267,0.0429729
382.333,0.044031
382.4,0.0660465
382.467,0.054447
