0.133333,0.000125596
0.2,0.000290183
0.266667,0.000516882
0.333333,0.000801578
0.4,0.00111527
0.466667,0.00147227
0.533333,0.00187747
0.6,0.00229638
0.666667,0.00275527
0.733333,0.00323629
0.8,0.00373162
0.866667,0.00424498
0.933333,0.0047744
1,0.00550759
1.06667,0.0065102
1.13333,0.0077303
1.2,0.00904916
1.26667,0.0105849
1.33333,0.0122988
1.4,0.0140922
1.46667,0.0159181
1.53333,0.0178534
1.6,0.0197987
1.66667,0.0218301
1.73333,0.0239629
1.8,0.0261147
1.86667,0.0283392
1.93333,0.0306655
2,0.0331085
2.06667,0.0357093
2.13333,0.0384722
2.2,0.0413033
2.26667,0.0442781
2.33333,0.0472036
2.4,0.0499332
2.46667,0.0525799
2.53333,0.0552548
2.6,0.0577756
2.66667,0.0602454
2.73333,0.0627586
2.8,0.065173
2.86667,0.0675569
2.93333,0.069976
3,0.0723023
3.06667,0.0745952
3.13333,0.076919
3.2,0.0791711
3.26667,0.0813928
3.33333,0
3.4,0
3.46667,0.0874355
3.53333,0.0893334
3.6,0.0911074
3.66667,0.0927928
3.73333,0.0944771
3.8,0.0960587
3.86667,0.097578
3.93333,0.0990867
4,0.100521
4.06667,0.101903
4.13333,0.103277
4.2,0.104557
4.26667,0.105784
4.33333,0.10701
4.4,0.108162
4.46667,0.109264
4.53333,0.110357
4.6,0.111386
4.66667,0.112374
4.73333,0.113359
4.8,0.114285
4.86667,0.115159
4.93333,0.116031
5,0.116859
5.06667,0.117644
5.13333,0.118428
5.2,0.119166
5.26667,0.119878
5.33333,0.120568
5.4,0.121196
5.46667,0.121801
5.53333,0.122406
5.6,0.122968
5.66667,0.123498
5.73333,0.12403
5.8,0.124523
5.86667,0.124994
5.93333,0.125459
6,0.126039
6.06667,0.126772
6.13333,0.127637
6.2,0.128537
6.26667,0.129536
6.33333,0.130653
6.4,0.131807
6.46667,0.133065
6.53333,0.134426
6.6,0.135823
6.66667,0.137308
6.73333,0.13889
6.8,0.13889
6.86667,0.13889
6.93333,0.13889
7,0.13889
7.06667,0.13889
7.13333,0.13889
7.2,0.13889
7.26667,0.13889
7.33333,0.13889
7.4,0.13889
7.46667,0.13889
7.53333,0.13889
7.6,0.13889
7.66667,0.13889
7.73333,0.13889
7.8,0.13889
7.86667,0.13889
7.93333,0.13889
8,0.13889
8.06667,0.13889
8.13333,0.13889
8.2,0.13889
8.26667,0.13889
8.33333,0.13889
8.4,0.13889
8.46667,0.13889
8.53333,0.13889
8.6,0.13889
8.66667,0.13889
8.73333,0.13889
8.8,0.13889
8.86667,0.13889
8.93333,0.13889
9,0.13889
9.06667,0.13889
9.13333,0.13889
9.2,0.13889
9.26667,0.13889
9.33333,0.13889
9.4,0.13889
9.46667,0.13889
9.53333,0.13889
9.6,0.13889
9.66667,0.13889
9.73333,0.13889
9.8,0.13889
9.86667,0.13889
9.93333,0.13889
10,0.13889
10.0667,0.13889
10.1333,0.13889
10.2,0.113644
10.2667,0.115132
10.3333,0.116593
10.4,0.117983
10.4667,0.119321
10.5333,0.120659
10.6,0.121907
10.6667,0.123113
10.7333,0.124334
10.8,0.125486
10.8667,0.126623
10.9333,0.127784
11,0.128909
11.0667,0.130017
11.1333,0.131128
11.2,0.13219
11.2667,0.133237
11.3333,0.134261
11.4,0.135246
11.4667,0.136216
11.5333,0.1372
11.6,0.138135
11.6667,0.139052
11.7333,0.139978
11.8,0.140867
11.8667,0.141734
11.9333,0.142612
12,0.143472
12.0667,0.144292
12.1333,0.145113
12.2,0.145873
12.2667,0.146589
12.3333,0.147285
12.4,0.147933
12.4667,0.148546
12.5333,0.149153
12.6,0.149709
12.6667,0.150215
12.7333,0.150704
12.8,0.151142
12.8667,0.151559
12.9333,0.151966
13,0.152368
13.0667,0.152736
13.1333,0.153089
13.2,0.153409
13.2667,0.153706
13.3333,0.153975
13.4,0.154226
13.4667,0.154455
13.5333,0.154455
13.6,0.154455
13.6667,0.154455
13.7333,0.154455
13.8,0.154455
13.8667,0.154455
13.9333,0.154455
14,0.154455
14.0667,0.154455
14.1333,0.154455
14.2,0.154455
14.2667,0.154455
14.3333,0.154455
14.4,0.154455
14.4667,0.154455
14.5333,0.154455
14.6,0.154455
14.6667,0.154455
14.7333,0.154455
14.8,0.154455
14.8667,0.154455
14.9333,0.154455
15,0.154455
15.0667,0.154455
15.1333,0.154455
15.2,0.154455
15.2667,0.154455
15.3333,0.154455
15.4,0.154455
15.4667,0.154455
15.5333,0.154455
15.6,0.154455
15.6667,0.154455
15.7333,0.154455
15.8,0.154455
15.8667,0.154455
15.9333,0.154455
16,0.154455
16.0667,0.154455
16.1333,0.154455
16.2,0.154455
16.2667,0.154455
16.3333,0.154455
16.4,0.154455
16.4667,0.154455
16.5333,0.154455
16.6,0.154455
16.6667,0.154455
16.7333,0.154455
16.8,0.154455
16.8667,0.154455
16.9333,0.00923177
17,0.00933307
17.0667,0.00942751
17.1333,0.00951647
17.2,0.0095919
17.2667,0.00964696
17.3333,0.00967518
17.4,0.00970006
17.4667,0.00972416
17.5333,0.00974787
17.6,0.0097706
17.6667,0.00978999
17.7333,0.00980939
17.8,0.00982879
17.8667,0.00984819
17.9333,0.00986759
18,0.0099201
18.0667,0.00997359
18.1333,0.0100281
18.2,0.0100835
18.2667,0.0101415
18.3333,0.010184
18.4,0.0102287
18.4667,0.0102771
18.5333,0.0103261
18.6,0.0103751
18.6667,0.0104244
18.7333,0.0104738
18.8,0.0105232
18.8667,0.010573
18.9333,0.0106227
19,0.0107709
19.0667,0.0109523
19.1333,0.0111547
19.2,0.0113702
19.2667,0.0116067
19.3333,0.0118295
19.4,0.0120678
19.4667,0.0123333
19.5333,0.0126176
19.6,0.0129072
19.6667,0.0132079
19.7333,0.0135257
19.8,0.0138457
19.8667,0.0141745
19.9333,0.0145095
20,0.0148667
20.0667,0.015228
20.1333,0.0155937
20.2,0.0159599
20.2667,0.0159599
20.3333,0.0159599
20.4,0.0159599
20.4667,0.0159599
20.5333,0.0159599
20.6,0.0159599
20.6667,0.0159599
20.7333,0.0159599
20.8,0.0159599
20.8667,0.0159599
20.9333,0.0159599
21,0.0159599
21.0667,0.0159599
21.1333,0.0159599
21.2,0.0159599
21.2667,0.0159599
21.3333,0.0159599
21.4,0.0159599
21.4667,0.0159599
21.5333,0.0159599
21.6,0.0159599
21.6667,0.0159599
21.7333,0.0159599
21.8,0.0159599
21.8667,0.0159599
21.9333,0.0159599
22,0.0159599
22.0667,0.0159599
22.1333,0.0159599
22.2,0.0159599
22.2667,0.0159599
22.3333,0.0159599
22.4,0.0159599
22.4667,0.0159599
22.5333,0.0159599
22.6,0.0159599
22.6667,0.0159599
22.7333,0.0159599
22.8,0.0159599
22.8667,0.0159599
22.9333,0.0159599
23,0.0159599
23.0667,0.0159599
23.1333,0.0159599
23.2,0.0159599
23.2667,0.0159599
23.3333,0.0159599
23.4,0.0159599
23.4667,0.0159599
23.5333,0.0159599
23.6,0.0159599
23.6667,0.0111032
23.7333,0.0117274
23.8,0.0123693
23.8667,0.0130496
23.9333,0.0137654
24,0.0145209
24.0667,0.0153217
24.1333,0.0161656
24.2,0.0170267
24.2667,0.0179277
24.3333,0.0187939
24.4,0.0196064
24.4667,0.0203871
24.5333,0.0211685
24.6,0.0219028
24.6667,0.0226262
24.7333,0.0233604
24.8,0.024064
24.8667,0.0247535
24.9333,0.0254536
25,0.0261464
25.0667,0.026834
25.1333,0.0275339
25.2,0.0282079
25.2667,0.0288749
25.3333,0.029523
25.4,0.030133
25.4667,0.0307206
25.5333,0.0313141
25.6,0.0318752
25.6667,0.0324235
25.7333,0.0329774
25.8,0.033509
25.8667,0.0340384
25.9333,0.0345735
26,0.035164
26.0667,0.0358332
26.1333,0.0365963
26.2,0.0373852
26.2667,0.0382395
26.3333,0.0391492
26.4,0.0400607
26.4667,0.0410165
26.5333,0.0420297
26.6,0.0430491
26.6667,0.0441133
26.7333,0.0452376
26.8,0.0463701
26.8667,0.0475437
26.9333,0.0487732
27,0.0487732
27.0667,0.0487732
27.1333,0.0487732
27.2,0.0487732
27.2667,0.0487732
27.3333,0.0487732
27.4,0.0487732
27.4667,0.0487732
27.5333,0.0487732
27.6,0.0487732
27.6667,0.0487732
27.7333,0.0487732
27.8,0.0487732
27.8667,0.0487732
27.9333,0.0487732
28,0.0487732
28.0667,0.0487732
28.1333,0.0487732
28.2,0.0487732
28.2667,0.0487732
28.3333,0.0487732
28.4,0.0487732
28.4667,0.0487732
28.5333,0.0487732
28.6,0.0487732
28.6667,0.0487732
28.7333,0.0487732
28.8,0.0487732
28.8667,0.0487732
28.9333,0.0487732
29,0.0487732
29.0667,0.0487732
29.1333,0.0487732
29.2,0.0487732
29.2667,0.0487732
29.3333,0.0487732
29.4,0.0487732
29.4667,0.0487732
29.5333,0.0487732
29.6,0.0487732
29.6667,0.0487732
29.7333,0.0487732
29.8,0.0487732
29.8667,0.0487732
29.9333,0.0487732
30,0.0487732
30.0667,0.0487732
30.1333,0.0487732
30.2,0.0487732
30.2667,0.0487732
30.3333,0.0487732
30.4,0.0642734
30.4667,0.0656142
30.5333,0.0669617
30.6,0.0682551
30.6667,0.0695124
30.7333,0.0707603
30.8,0.0719287
30.8667,0.0730281
30.9333,0.0740889
31,0.0750715
31.0667,0.075966
31.1333,0.076824
31.2,0.077596
31.2667,0.0782964
31.3333,0.0789423
31.4,0.0795344
31.4667,0.0800863
31.5333,0.0806212
31.6,0.081104
31.6667,0.0815437
31.7333,0.081965
31.8,0.0823422
31.8667,0.0826811
31.9333,0.0830038
32,0.0833234
32.0667,0.0836173
32.1333,0.0838961
32.2,0.0841473
32.2667,0.0843721
32.3333,0.0845792
32.4,0.08477
32.4667,0.084944
32.5333,0.0851147
32.6,0.0852702
32.6667,0.0854201
32.7333,0.0855681
32.8,0.0857074
32.8667,0.0858388
32.9333,0.0859727
33,0.0861376
33.0667,0.0862987
33.1333,0.0864623
33.2,0.0866202
33.2667,0.0867742
33.3333,0.0868948
33.4,0.087009
33.4667,0.0871205
33.5333,0.0872288
33.6,0.0873315
33.6667,0.0874277
33.7333,0.0874277
33.8,0.0874277
33.8667,0.0874277
33.9333,0.0874277
34,0.0874277
34.0667,0.0874277
34.1333,0.0874277
34.2,0.0874277
34.2667,0.0874277
34.3333,0.0874277
34.4,0.0874277
34.4667,0.0874277
34.5333,0.0874277
34.6,0.0874277
34.6667,0.0874277
34.7333,0.0874277
34.8,0.0874277
34.8667,0.0874277
34.9333,0.0874277
35,0.0874277
35.0667,0.0874277
35.1333,0.0874277
35.2,0.0874277
35.2667,0.0874277
35.3333,0.0874277
35.4,0.0874277
35.4667,0.0874277
35.5333,0.0874277
35.6,0.0874277
35.6667,0.0874277
35.7333,0.0874277
35.8,0.0874277
35.8667,0.0874277
35.9333,0.0874277
36,0.0874277
36.0667,0.0874277
36.1333,0.0874277
36.2,0.0874277
36.2667,0.0874277
36.3333,0.0874277
36.4,0.0874277
36.4667,0.0874277
36.5333,0.0874277
36.6,0.0874277
36.6667,0.0874277
36.7333,0.0874277
36.8,0.0874277
36.8667,0.0874277
36.9333,0.0874277
37,0.0874277
37.0667,0.0874277
37.1333,0.0684247
37.2,0.0695482
37.2667,0.070652
37.3333,0.0717218
37.4,0.0727356
37.4667,0.073727
37.5333,0.0747327
37.6,0.0756844
37.6667,0.0765904
37.7333,0.0774968
37.8,0.078349
37.8667,0.0791699
37.9333,0.0799925
38,0.0808352
38.0667,0.0816528
38.1333,0.0824772
38.2,0.0832715
38.2667,0.0840427
38.3333,0.0847671
38.4,0.085447
38.4667,0.0860971
38.5333,0.0867441
38.6,0.0873493
38.6667,0.0879213
38.7333,0.088491
38.8,0.0890228
38.8667,0.0895242
38.9333,0.0900286
39,0.0905568
39.0667,0.0910949
39.1333,0.0916507
39.2,0.092189
39.2667,0.0927243
39.3333,0.0932076
39.4,0.0936755
39.4667,0.0941327
39.5333,0.0945961
39.6,0.0950453
39.6667,0.0954907
39.7333,0.0959463
39.8,0.0963895
39.8667,0.0968362
39.9333,0.0972988
40,0.0978351
40.0667,0.098417
40.1333,0.0990528
40.2,0.0997041
40.2667,0.100394
40.3333,0.101084
40.4,0.101759
40.4667,0.101759
40.5333,0.101759
40.6,0.101759
40.6667,0.101759
40.7333,0.101759
40.8,0.101759
40.8667,0.101759
40.9333,0.101759
41,0.101759
41.0667,0.101759
41.1333,0.101759
41.2,0.101759
41.2667,0.101759
41.3333,0.101759
41.4,0.101759
41.4667,0.101759
41.5333,0.101759
41.6,0.101759
41.6667,0.101759
41.7333,0.101759
41.8,0.101759
41.8667,0.101759
41.9333,0.101759
42,0.101759
42.0667,0.101759
42.1333,0.101759
42.2,0.101759
42.2667,0.101759
42.3333,0.101759
42.4,0.101759
42.4667,0.101759
42.5333,0.101759
42.6,0.101759
42.6667,0.101759
42.7333,0.101759
42.8,0.101759
42.8667,0.101759
42.9333,0.101759
43,0.101759
43.0667,0.101759
43.1333,0.101759
43.2,0.101759
43.2667,0.101759
43.3333,0.101759
43.4,0.101759
43.4667,0.101759
43.5333,0.101759
43.6,0.101759
43.6667,0.101759
43.7333,0.101759
43.8,0.101759
43.8667,0.0473744
43.9333,0.0480857
44,0.0488089
44.0667,0.0495219
44.1333,0.0502441
44.2,0.050943
44.2667,0.0516347
44.3333,0.0522817
44.4,0.0529038
44.4667,0.0535126
44.5333,0.0541319
44.6,0.0547195
44.6667,0.055296
44.7333,0.0558783
44.8,0.0564377
44.8667,0.0569867
44.9333,0.0575432
45,0.058094
45.0667,0.0586293
45.1333,0.0591667
45.2,0.0596769
45.2667,0.060174
45.3333,0.0606451
45.4,0.0611034
45.4667,0.0615572
45.5333,0.0620247
45.6,0.0624728
45.6667,0.062914
45.7333,0.0633625
45.8,0.0637948
45.8667,0.0642154
45.9333,0.0646463
46,0.0650844
46.0667,0.0655114
46.1333,0.0659389
46.2,0.0663449
46.2667,0.0667366
46.3333,0.0671063
46.4,0.0674562
46.4667,0.0677974
46.5333,0.0681424
46.6,0.068468
46.6667,0.0687788
46.7333,0.069089
46.8,0.0693797
46.8667,0.0696539
46.9333,0.0699272
47,0.0701968
47.0667,0.0704531
47.1333,0.0707123
47.2,0.0707123
47.2667,0.0707123
47.3333,0.0707123
47.4,0.0707123
47.4667,0.0707123
47.5333,0.0707123
47.6,0.0707123
47.6667,0.0707123
47.7333,0.0707123
47.8,0.0707123
47.8667,0.0707123
47.9333,0.0707123
48,0.0707123
48.0667,0.0707123
48.1333,0.0707123
48.2,0.0707123
48.2667,0.0707123
48.3333,0.0707123
48.4,0.0707123
48.4667,0.0707123
48.5333,0.0707123
48.6,0.0707123
48.6667,0.0707123
48.7333,0.0707123
48.8,0.0707123
48.8667,0.0707123
48.9333,0.0707123
49,0.0707123
49.0667,0.0707123
49.1333,0.0707123
49.2,0.0707123
49.2667,0.0707123
49.3333,0.0707123
49.4,0.0707123
49.4667,0.0707123
49.5333,0.0707123
49.6,0.0707123
49.6667,0.0707123
49.7333,0.0707123
49.8,0.0707123
49.8667,0.0707123
49.9333,0.0707123
50,0.0707123
50.0667,0.0707123
50.1333,0.0707123
50.2,0.0707123
50.2667,0.0707123
50.3333,0.0707123
50.4,0.0707123
50.4667,0.0707123
50.5333,0.0707123
50.6,0.0139558
50.6667,0.0139897
50.7333,0.0140228
50.8,0.014055
50.8667,0.0140871
50.9333,0.0141192
51,0.0141743
51.0667,0.0142293
51.1333,0.0142844
51.2,0.0143395
51.2667,0.0143945
51.3333,0.0144174
51.4,0.0144404
51.4667,0.0144633
51.5333,0.0144862
51.6,0.0145091
51.6667,0.0145321
51.7333,0.014556
51.8,0.0145799
51.8667,0.0146038
51.9333,0.0146277
52,0.0146822
52.0667,0.0147368
52.1333,0.0147915
52.2,0.0148462
52.2667,0.0149008
52.3333,0.0149326
52.4,0.0149643
52.4667,0.014996
52.5333,0.0150278
52.6,0.0150595
52.6667,0.0150913
52.7333,0.015123
52.8,0.0151548
52.8667,0.0151871
52.9333,0.0152194
53,0.0152976
53.0667,0.015411
53.1333,0.0155584
53.2,0.0157243
53.2667,0.0159232
53.3333,0.0161197
53.4,0.0163321
53.4667,0.0165718
53.5333,0.0168379
53.6,0.0171194
53.6667,0.0174235
53.7333,0.0177503
53.8,0.0180887
53.8667,0.0184488
53.9333,0.0184488
54,0.0184488
54.0667,0.0184488
54.1333,0.0184488
54.2,0.0184488
54.2667,0.0184488
54.3333,0.0184488
54.4,0.0184488
54.4667,0.0184488
54.5333,0.0184488
54.6,0.0184488
54.6667,0.0184488
54.7333,0.0184488
54.8,0.0184488
54.8667,0.0184488
54.9333,0.0184488
55,0.0184488
55.0667,0.0184488
55.1333,0.0184488
55.2,0.0184488
55.2667,0.0184488
55.3333,0.0184488
55.4,0.0184488
55.4667,0.0184488
55.5333,0.0184488
55.6,0.0184488
55.6667,0.0184488
55.7333,0.0184488
55.8,0.0184488
55.8667,0.0184488
55.9333,0.0184488
56,0.0184488
56.0667,0.0184488
56.1333,0.0184488
56.2,0.0184488
56.2667,0.0184488
56.3333,0.0184488
56.4,0.0184488
56.4667,0.0184488
56.5333,0.0184488
56.6,0.0184488
56.6667,0.0184488
56.7333,0.0184488
56.8,0.0184488
56.8667,0.0184488
56.9333,0.0184488
57,0.0184488
57.0667,0.0184488
57.1333,0.0184488
57.2,0.0184488
57.2667,0.0184488
57.3333,0.0116906
57.4,0.011738
57.4667,0.011787
57.5333,0.0118369
57.6,0.0118869
57.6667,0.0119414
57.7333,0.0120025
57.8,0.0120666
57.8667,0.0121363
57.9333,0.012211
58,0.0123172
58.0667,0.0124234
58.1333,0.0125296
58.2,0.0126358
58.2667,0.012741
58.3333,0.0128256
58.4,0.0129083
58.4667,0.0129851
58.5333,0.013058
58.6,0.0131235
58.6667,0.0131842
58.7333,0.013244
58.8,0.0133022
58.8667,0.0133594
58.9333,0.0134166
59,0.0134738
59.0667,0.0135253
59.1333,0.0135753
59.2,0.0136196
59.2667,0.0136598
59.3333,0.013668
59.4,0.0136772
59.4667,0.0136854
59.5333,0.0136909
59.6,0.0136944
59.6667,0.0136962
59.7333,0.0136974
59.8,0.0136989
59.8667,0.0137034
59.9333,0.0137099
60,0.0137301
60.0667,0.0137511
60.1333,0.0137722
60.2,0.0137944
60.2667,0.0138165
60.3333,0.0138341
60.4,0.0138516
60.4667,0.0138674
60.5333,0.0138882
60.6,0.0139092
60.6667,0.0139092
60.7333,0.0139092
60.8,0.0139092
60.8667,0.0139092
60.9333,0.0139092
61,0.0139092
61.0667,0.0139092
61.1333,0.0139092
61.2,0.0139092
61.2667,0.0139092
61.3333,0.0139092
61.4,0.0139092
61.4667,0.0139092
61.5333,0.0139092
61.6,0.0139092
61.6667,0.0139092
61.7333,0.0139092
61.8,0.0139092
61.8667,0.0139092
61.9333,0.0139092
62,0.0139092
62.0667,0.0139092
62.1333,0.0139092
62.2,0.0139092
62.2667,0.0139092
62.3333,0.0139092
62.4,0.0139092
62.4667,0.0139092
62.5333,0.0139092
62.6,0.0139092
62.6667,0.0139092
62.7333,0.0139092
62.8,0.0139092
62.8667,0.0139092
62.9333,0.0139092
63,0.0139092
63.0667,0.0139092
63.1333,0.0139092
63.2,0.0139092
63.2667,0.0139092
63.3333,0.0139092
63.4,0.0139092
63.4667,0.0139092
63.5333,0.0139092
63.6,0.0139092
63.6667,0.0139092
63.7333,0.0139092
63.8,0.0139092
63.8667,0.0139092
63.9333,0.0139092
64,0.0139092
64.0667,0.00708214
64.1333,0.00711291
64.2,0.00714367
64.2667,0.00717443
64.3333,0.00720265
64.4,0.00723086
64.4667,0.00725908
64.5333,0.00728768
64.6,0.00731629
64.6667,0.0073449
64.7333,0.0073735
64.8,0.00740211
64.8667,0.00743072
64.9333,0.0074603
65,0.00750929
65.0667,0.00755827
65.1333,0.00760824
65.2,0.00765879
65.2667,0.00770993
65.3333,0.00773344
65.4,0.00775793
65.4667,0.0077834
65.5333,0.00781142
65.6,0.00783944
65.6667,0.00786844
65.7333,0.0078994
65.8,0.00793094
65.8667,0.00796308
65.9333,0.00799521
66,0.00804361
66.0667,0.00809553
66.1333,0.00814941
66.2,0.00820428
66.2667,0.00826423
66.3333,0.00831145
66.4,0.00836299
66.4667,0.00842118
66.5333,0.0084829
66.6,0.00854599
66.6667,0.00861065
66.7333,0.00868021
66.8,0.00875172
66.8667,0.00882363
66.9333,0.00890671
67,0.00902388
67.0667,0.00914007
67.1333,0.00925567
67.2,0.00937167
67.2667,0.00948884
67.3333,0.00958975
67.4,0.00958975
67.4667,0.00958975
67.5333,0.00958975
67.6,0.00958975
67.6667,0.00958975
67.7333,0.00958975
67.8,0.00958975
67.8667,0.00958975
67.9333,0.00958975
68,0.00958975
68.0667,0.00958975
68.1333,0.00958975
68.2,0.00958975
68.2667,0.00958975
68.3333,0.00958975
68.4,0.00958975
68.4667,0.00958975
68.5333,0.00958975
68.6,0.00958975
68.6667,0.00958975
68.7333,0.00958975
68.8,0.00958975
68.8667,0.00958975
68.9333,0.00958975
69,0.00958975
69.0667,0.00958975
69.1333,0.00958975
69.2,0.00958975
69.2667,0.00958975
69.3333,0.00958975
69.4,0.00958975
69.4667,0.00958975
69.5333,0.00958975
69.6,0.00958975
69.6667,0.00958975
69.7333,0.00958975
69.8,0.00958975
69.8667,0.00958975
69.9333,0.00958975
70,0.00958975
70.0667,0.00958975
70.1333,0.00958975
70.2,0.00958975
70.2667,0.00958975
70.3333,0.00958975
70.4,0.00958975
70.4667,0.00958975
70.5333,0.00958975
70.6,0.00958975
70.6667,0.00958975
70.7333,0.00958975
70.8,0.00993675
70.8667,0.0100576
70.9333,0.010177
71,0.0103216
71.0667,0.0104713
71.1333,0.01062
71.2,0.0107701
71.2667,0.0109254
71.3333,0.0110309
71.4,0.0111351
71.4667,0.0112425
71.5333,0.0113467
71.6,0.0114545
71.6667,0.0115622
71.7333,0.0116659
71.8,0.011769
71.8667,0.0118763
71.9333,0.0119821
72,0.0120921
72.0667,0.0122094
72.1333,0.0123282
72.2,0.0124508
72.2667,0.012586
72.3333,0.0127032
72.4,0.012828
72.4667,0.0129583
72.5333,0.0130872
72.6,0.0132132
72.6667,0.0133466
72.7333,0.0134777
72.8,0.0136155
72.8667,0.0137603
72.9333,0.0139025
73,0.0140806
73.0667,0.0142646
73.1333,0.0144492
73.2,0.0146439
73.2667,0.0148559
73.3333,0.0150678
73.4,0.0152803
73.4667,0.0154925
73.5333,0.0156995
73.6,0.0159064
73.6667,0.0161219
73.7333,0.0163298
73.8,0.0165422
73.8667,0.0167608
73.9333,0.0169801
74,0.0171982
74.0667,0.0174229
74.1333,0.0174229
74.2,0.0174229
74.2667,0.0174229
74.3333,0.0174229
74.4,0.0174229
74.4667,0.0174229
74.5333,0.0174229
74.6,0.0174229
74.6667,0.0174229
74.7333,0.0174229
74.8,0.0174229
74.8667,0.0174229
74.9333,0.0174229
75,0.0174229
75.0667,0.0174229
75.1333,0.0174229
75.2,0.0174229
75.2667,0.0174229
75.3333,0.0174229
75.4,0.0174229
75.4667,0.0174229
75.5333,0.0174229
75.6,0.0174229
75.6667,0.0174229
75.7333,0.0174229
75.8,0.0174229
75.8667,0.0174229
75.9333,0.0174229
76,0.0174229
76.0667,0.0174229
76.1333,0.0174229
76.2,0.0174229
76.2667,0.0174229
76.3333,0.0174229
76.4,0.0174229
76.4667,0.0174229
76.5333,0.0174229
76.6,0.0174229
76.6667,0.0174229
76.7333,0.0174229
76.8,0.0174229
76.8667,0.0174229
76.9333,0.0174229
77,0.0174229
77.0667,0.0174229
77.1333,0.0174229
77.2,0.0174229
77.2667,0.0174229
77.3333,0.0174229
77.4,0.0174229
77.4667,0.0174229
77.5333,0.015058
77.6,0.0153724
77.6667,0.0157044
77.7333,0.0160363
77.8,0.0163745
77.8667,0.0167244
77.9333,0.0170685
78,0.0174554
78.0667,0.0178465
78.1333,0.0182302
78.2,0.0186138
78.2667,0.0190037
78.3333,0.0193623
78.4,0.0197199
78.4667,0.0200798
78.5333,0.0204104
78.6,0.0207184
78.6667,0.0210229
78.7333,0.0213115
78.8,0.0215958
78.8667,0.0218887
78.9333,0.022174
79,0.0224603
79.0667,0.0227493
79.1333,0.023031
79.2,0.0233095
79.2667,0.0235957
79.3333,0.0238314
79.4,0.0240709
79.4667,0.0243205
79.5333,0.0245654
79.6,0.0248133
79.6667,0.0250774
79.7333,0.0253364
79.8,0.0255917
79.8667,0.0258461
79.9333,0.0260908
80,0.026361
80.0667,0.026629
80.1333,0.0268843
80.2,0.0271257
80.2667,0.0273636
80.3333,0.0275785
80.4,0.0277837
80.4667,0.0279824
80.5333,0.0281675
80.6,0.0283444
80.6667,0.0285214
80.7333,0.0286864
80.8,0.0288364
80.8667,0.0288364
80.9333,0.0288364
81,0.0288364
81.0667,0.0288364
81.1333,0.0288364
81.2,0.0288364
81.2667,0.0288364
81.3333,0.0288364
81.4,0.0288364
81.4667,0.0288364
81.5333,0.0288364
81.6,0.0288364
81.6667,0.0288364
81.7333,0.0288364
81.8,0.0288364
81.8667,0.0288364
81.9333,0.0288364
82,0.0288364
82.0667,0.0288364
82.1333,0.0288364
82.2,0.0288364
82.2667,0.0288364
82.3333,0.0288364
82.4,0.0288364
82.4667,0.0288364
82.5333,0.0288364
82.6,0.0288364
82.6667,0.0288364
82.7333,0.0288364
82.8,0.0288364
82.8667,0.0288364
82.9333,0.0288364
83,0.0288364
83.0667,0.0288364
83.1333,0.0288364
83.2,0.0288364
83.2667,0.0288364
83.3333,0.0288364
83.4,0.0288364
83.4667,0.0288364
83.5333,0.0288364
83.6,0.0288364
83.6667,0.0288364
83.7333,0.0288364
83.8,0.0288364
83.8667,0.0288364
83.9333,0.0288364
84,0.0288364
84.0667,0.0288364
84.1333,0.0288364
84.2,0.0288364
84.2667,0.0100024
84.3333,0.0100861
84.4,0.0101785
84.4667,0.0102773
84.5333,0.0103753
84.6,0.0104746
84.6667,0.0105812
84.7333,0.010686
84.8,0.0107985
84.8667,0.0109174
84.9333,0.0110358
85,0.0111647
85.0667,0.0112958
85.1333,0.0114243
85.2,0.0115611
85.2667,0.0117076
85.3333,0.011842
85.4,0.0119768
85.4667,0.0121152
85.5333,0.0122519
85.6,0.0123889
85.6667,0.0125302
85.7333,0.0126646
85.8,0.0127943
85.8667,0.0129262
85.9333,0.0130545
86,0.0132105
86.0667,0.0133686
86.1333,0.0135169
86.2,0.0136607
86.2667,0.013802
86.3333,0.0139307
86.4,0.0140595
86.4667,0.0141919
86.5333,0.0143171
86.6,0.0144417
86.6667,0.0145691
86.7333,0.0146896
86.8,0.0148128
86.8667,0.0149396
86.9333,0.0150587
87,0.0151824
87.0667,0.0153029
87.1333,0.0154222
87.2,0.0155382
87.2667,0.015655
87.3333,0.0157334
87.4,0.0158064
87.4667,0.0158772
87.5333,0.0159469
87.6,0.0159469
87.6667,0.0159469
87.7333,0.0159469
87.8,0.0159469
87.8667,0.0159469
87.9333,0.0159469
88,0.0159469
88.0667,0.0159469
88.1333,0.0159469
88.2,0.0159469
88.2667,0.0159469
88.3333,0.0159469
88.4,0.0159469
88.4667,0.0159469
88.5333,0.0159469
88.6,0.0159469
88.6667,0.0159469
88.7333,0.0159469
88.8,0.0159469
88.8667,0.0159469
88.9333,0.0159469
89,0.0159469
89.0667,0.0159469
89.1333,0.0159469
89.2,0.0159469
89.2667,0.0159469
89.3333,0.0159469
89.4,0.0159469
89.4667,0.0159469
89.5333,0.0159469
89.6,0.0159469
89.6667,0.0159469
89.7333,0.0159469
89.8,0.0159469
89.8667,0.0159469
89.9333,0.0159469
90,0.0159469
90.0667,0.0159469
90.1333,0.0159469
90.2,0.0159469
90.2667,0.0159469
90.3333,0.0159469
90.4,0.0159469
90.4667,0.0159469
90.5333,0.0159469
90.6,0.0159469
90.6667,0.0159469
90.7333,0.0159469
90.8,0.0159469
90.8667,0.0159469
90.9333,0.0159469
91,0.0109352
91.0667,0.0111055
91.1333,0.0112738
91.2,0.0114484
91.2667,0.011631
91.3333,0.0117864
91.4,0.0119461
91.4667,0.012113
91.5333,0.0122737
91.6,0.0124375
91.6667,0.0126066
91.7333,0.0127751
91.8,0.0129446
91.8667,0.0131209
91.9333,0.0132939
92,0.0134718
92.0667,0.0136584
92.1333,0.0138412
92.2,0.0140314
92.2667,0.0142325
92.3333,0.0144082
92.4,0.0145867
92.4667,0.0147699
92.5333,0.0149476
92.6,0.0151183
92.6667,0.0152925
92.7333,0.0154594
92.8,0.0156183
92.8667,0.015778
92.9333,0.0159303
93,0.0161166
93.0667,0.0162977
93.1333,0.0164718
93.2,0.0166372
93.2667,0.0167998
93.3333,0.0169513
93.4,0.01709
93.4667,0.0172252
93.5333,0.0173451
93.6,0.0174503
93.6667,0.0175473
93.7333,0.0176316
93.8,0.0177104
93.8667,0.0177846
93.9333,0.0178554
94,0.0179216
94.0667,0.0179892
94.1333,0.0180562
94.2,0.0181224
94.2667,0.0181902
94.3333,0.0181902
94.4,0.0181902
94.4667,0.0181902
94.5333,0.0181902
94.6,0.0181902
94.6667,0.0181902
94.7333,0.0181902
94.8,0.0181902
94.8667,0.0181902
94.9333,0.0181902
95,0.0181902
95.0667,0.0181902
95.1333,0.0181902
95.2,0.0181902
95.2667,0.0181902
95.3333,0.0181902
95.4,0.0181902
95.4667,0.0181902
95.5333,0.0181902
95.6,0.0181902
95.6667,0.0181902
95.7333,0.0181902
95.8,0.0181902
95.8667,0.0181902
95.9333,0.0181902
96,0.0181902
96.0667,0.0181902
96.1333,0.0181902
96.2,0.0181902
96.2667,0.0181902
96.3333,0.0181902
96.4,0.0181902
96.4667,0.0181902
96.5333,0.0181902
96.6,0.0181902
96.6667,0.0181902
96.7333,0.0181902
96.8,0.0181902
96.8667,0.0181902
96.9333,0.0181902
97,0.0181902
97.0667,0.0181902
97.1333,0.0181902
97.2,0.0181902
97.2667,0.0181902
97.3333,0.0181902
97.4,0.0181902
97.4667,0.0181902
97.5333,0.0181902
97.6,0.0181902
97.6667,0.0181902
97.7333,0.0397766
97.8,0.0416255
97.8667,0.0435752
97.9333,0.0455148
98,0.0475906
98.0667,0.0497915
98.1333,0.0519942
98.2,0.0542895
98.2667,0.0567255
98.3333,0.0590856
98.4,0.0615385
98.4667,0.0641621
98.5333,0.0667922
98.6,0.069503
98.6667,0.0723474
98.7333,0.0751781
98.8,0.0780899
98.8667,0.0811305
98.9333,0.0841536
99,0.0873962
99.0667,0.0908155
99.1333,0.0942302
99.2,0.0977312
99.2667,0.10139
99.3333,0.104952
99.4,0.108598
99.4667,0.112427
99.5333,0.116221
99.6,0.120079
99.6667,0.124107
99.7333,0.128064
99.8,0.132072
99.8667,0.136255
99.9333,0.140423
100,0.144743
100.067,0.149219
100.133,0.153635
100.2,0.158134
100.267,0.162787
100.333,0.16725
100.4,0.171747
100.467,0.176405
100.533,0.180978
100.6,0.185595
100.667,0.190346
100.733,0.19498
100.8,0.199573
100.867,0.204253
100.933,0.208804
101,0.213378
101.067,0.213378
101.133,0.213378
101.2,0.213378
101.267,0.213378
101.333,0.213378
101.4,0.213378
101.467,0.213378
101.533,0.213378
101.6,0.213378
101.667,0.213378
101.733,0.213378
101.8,0.213378
101.867,0.213378
101.933,0.213378
102,0.213378
102.067,0.213378
102.133,0.213378
102.2,0.213378
102.267,0.213378
102.333,0.213378
102.4,0.213378
102.467,0.213378
102.533,0.213378
102.6,0.213378
102.667,0.213378
102.733,0.213378
102.8,0.213378
102.867,0.213378
102.933,0.213378
103,0.213378
103.067,0.213378
103.133,0.213378
103.2,0.213378
103.267,0.213378
103.333,0.213378
103.4,0.213378
103.467,0.213378
103.533,0.213378
103.6,0.213378
103.667,0.213378
103.733,0.213378
103.8,0.213378
103.867,0.213378
103.933,0.213378
104,0.213378
104.067,0.213378
104.133,0.213378
104.2,0.213378
104.267,0.213378
104.333,0.213378
104.4,0.213378
104.467,0.247043
104.533,0.252368
104.6,0.257495
104.667,0.262615
104.733,0.267428
104.8,0.272058
104.867,0.276711
104.933,0.281094
105,0.285349
105.067,0.289612
105.133,0.293592
105.2,0.297365
105.267,0.301109
105.333,0.304663
105.4,0.308122
105.467,0.311628
105.533,0.314983
105.6,0.318285
105.667,0.321644
105.733,0.324849
105.8,0.328053
105.867,0.331363
105.933,0.334561
106,0.33791
106.067,0.341445
106.133,0.344908
106.2,0.34844
106.267,0.352157
106.333,0.355782
106.4,0.359529
106.467,0.363513
106.533,0.367492
106.6,0.371634
106.667,0.376013
106.733,0.380394
106.8,0.384914
106.867,0.389673
106.933,0.394407
107,0.39918
107.067,0.404069
107.133,0.408847
107.2,0.413607
107.267,0.418475
107.333,0.423093
107.4,0.427631
107.467,0.432215
107.533,0.436612
107.6,0.4409
107.667,0.445258
107.733,0.449409
107.8,0.449409
107.867,0.449409
107.933,0.449409
108,0.449409
108.067,0.449409
108.133,0.449409
108.2,0.449409
108.267,0.449409
108.333,0.449409
108.4,0.449409
108.467,0.449409
108.533,0.449409
108.6,0.449409
108.667,0.449409
108.733,0.449409
108.8,0.449409
108.867,0.449409
108.933,0.449409
109,0.449409
109.067,0.449409
109.133,0.449409
109.2,0.449409
109.267,0.449409
109.333,0.449409
109.4,0.449409
109.467,0.449409
109.533,0.449409
109.6,0.449409
109.667,0.449409
109.733,0.449409
109.8,0.449409
109.867,0.449409
109.933,0.449409
110,0.449409
110.067,0.449409
110.133,0.449409
110.2,0.449409
110.267,0.449409
110.333,0.449409
110.4,0.449409
110.467,0.449409
110.533,0.449409
110.6,0.449409
110.667,0.449409
110.733,0.449409
110.8,0.449409
110.867,0.449409
110.933,0.449409
111,0.449409
111.067,0.449409
111.133,0.449409
111.2,0.353032
111.267,0.357464
111.333,0.361834
111.4,0.366348
111.467,0.371103
111.533,0.375831
111.6,0.38068
111.667,0.38577
111.733,0.390826
111.8,0.395996
111.867,0.401364
111.933,0.406663
112,0.411985
112.067,0.417433
112.133,0.422799
112.2,0.428182
112.267,0.433673
112.333,0.438756
112.4,0.443639
112.467,0.448516
112.533,0.453115
112.6,0.45751
112.667,0.461895
112.733,0.465995
112.8,0.469912
112.867,0.473802
112.933,0.477444
113,0.480878
113.067,0.48427
113.133,0.487405
113.2,0.490352
113.267,0.493262
113.333,0.495986
113.4,0.498592
113.467,0.50119
113.533,0.503627
113.6,0.505961
113.667,0.508285
113.733,0.510456
113.8,0.512517
113.867,0.514574
113.933,0.516493
114,0.518612
114.067,0.520906
114.133,0.523163
114.2,0.525489
114.267,0.52794
114.333,0.530358
114.4,0.532847
114.467,0.535449
114.533,0.535449
114.6,0.535449
114.667,0.535449
114.733,0.535449
114.8,0.535449
114.867,0.535449
114.933,0.535449
115,0.535449
115.067,0.535449
115.133,0.535449
115.2,0.535449
115.267,0.535449
115.333,0.535449
115.4,0.535449
115.467,0.535449
115.533,0.535449
115.6,0.535449
115.667,0.535449
115.733,0.535449
115.8,0.535449
115.867,0.535449
115.933,0.535449
116,0.535449
116.067,0.535449
116.133,0.535449
116.2,0.535449
116.267,0.535449
116.333,0.535449
116.4,0.535449
116.467,0.535449
116.533,0.535449
116.6,0.535449
116.667,0.535449
116.733,0.535449
116.8,0.535449
116.867,0.535449
116.933,0.535449
117,0.535449
117.067,0.535449
117.133,0.535449
117.2,0.535449
117.267,0.535449
117.333,0.535449
117.4,0.535449
117.467,0.535449
117.533,0.535449
117.6,0.535449
117.667,0.535449
117.733,0.535449
117.8,0.535449
117.867,0.535449
117.933,0.187792
118,0.193439
118.067,0.199401
118.133,0.20541
118.2,0.211639
118.267,0.218148
118.333,0.224275
118.4,0.230264
118.467,0.236329
118.533,0.242114
118.6,0.247759
118.667,0.253438
118.733,0.258849
118.8,0.264122
118.867,0.269429
118.933,0.274471
119,0.279398
119.067,0.284386
119.133,0.289176
119.2,0.293864
119.267,0.298614
119.333,0.303086
119.4,0.307383
119.467,0.311707
119.533,0.315783
119.6,0.319708
119.667,0.323651
119.733,0.327374
119.8,0.330987
119.867,0.334614
119.933,0.338053
120,0.341488
120.067,0.345039
120.133,0.348457
120.2,0.351857
120.267,0.355366
120.333,0.358741
120.4,0.362119
120.467,0.365606
120.533,0.368975
120.6,0.37232
120.667,0.375746
120.733,0.379059
120.8,0.382369
120.867,0.38577
120.933,0.389069
121,0.392747
121.067,0.396764
121.133,0.400793
121.2,0.40501
121.267,0.40501
121.333,0.40501
121.4,0.40501
121.467,0.40501
121.533,0.40501
121.6,0.40501
121.667,0.40501
121.733,0.40501
121.8,0.40501
121.867,0.40501
121.933,0.40501
122,0.40501
122.067,0.40501
122.133,0.40501
122.2,0.40501
122.267,0.40501
122.333,0.40501
122.4,0.40501
122.467,0.40501
122.533,0.40501
122.6,0.40501
122.667,0.40501
122.733,0.40501
122.8,0.40501
122.867,0.40501
122.933,0.40501
123,0.40501
123.067,0.40501
123.133,0.40501
123.2,0.40501
123.267,0.40501
123.333,0.40501
123.4,0.40501
123.467,0.40501
123.533,0.40501
123.6,0.40501
123.667,0.40501
123.733,0.40501
123.8,0.40501
123.867,0.40501
123.933,0.40501
124,0.40501
124.067,0.40501
124.133,0.40501
124.2,0.40501
124.267,0.40501
124.333,0.40501
124.4,0.40501
124.467,0.40501
124.533,0.40501
124.6,0.40501
124.667,0.2593
124.733,0.262128
124.8,0.264929
124.867,0.267799
124.933,0.270552
125,0.273466
125.067,0.276552
125.133,0.279601
125.2,0.282836
125.267,0.286293
125.333,0.289725
125.4,0.293255
125.467,0.296969
125.533,0.300612
125.6,0.304327
125.667,0.308157
125.733,0.311916
125.8,0.315769
125.867,0.319713
125.933,0.323577
126,0.327753
126.067,0.332252
126.133,0.336793
126.2,0.34157
126.267,0.346684
126.333,0.351652
126.4,0.356719
126.467,0.361977
126.533,0.367071
126.6,0.372154
126.667,0.377365
126.733,0.382441
126.8,0.387482
126.867,0.392633
126.933,0.397622
127,0.402826
127.067,0.408165
127.133,0.413368
127.2,0.418594
127.267,0.423891
127.333,0.428795
127.4,0.433476
127.467,0.438159
127.533,0.442521
127.6,0.446623
127.667,0.45066
127.733,0.454399
127.8,0.457942
127.867,0.461485
127.933,0.464838
128,0.464838
128.067,0.464838
128.133,0.464838
128.2,0.464838
128.267,0.464838
128.333,0.464838
128.4,0.464838
128.467,0.464838
128.533,0.464838
128.6,0.464838
128.667,0.464838
128.733,0.464838
128.8,0.464838
128.867,0.464838
128.933,0.464838
129,0.464838
129.067,0.464838
129.133,0.464838
129.2,0.464838
129.267,0.464838
129.333,0.464838
129.4,0.464838
129.467,0.464838
129.533,0.464838
129.6,0.464838
129.667,0.464838
129.733,0.464838
129.8,0.464838
129.867,0.464838
129.933,0.464838
130,0.464838
130.067,0.464838
130.133,0.464838
130.2,0.464838
130.267,0.464838
130.333,0.464838
130.4,0.464838
130.467,0.464838
130.533,0.464838
130.6,0.464838
130.667,0.464838
130.733,0.464838
130.8,0.464838
130.867,0.464838
130.933,0.464838
131,0.464838
131.067,0.464838
131.133,0.464838
131.2,0.464838
131.267,0.464838
131.333,0.464838
131.4,0.237032
131.467,0.237825
131.533,0.238462
131.6,0.238994
131.667,0.239466
131.733,0.239861
131.8,0.240198
131.867,0.240507
131.933,0.240759
132,0.240926
132.067,0.241059
132.133,0.241144
132.2,0.241206
132.267,0.241255
132.333,0.241269
132.4,0.241279
132.467,0.241289
132.533,0.241297
132.6,0.241305
132.667,0.241313
132.733,0.24132
132.8,0.241325
132.867,0.241329
132.933,0.241333
133,0.241359
133.067,0.241392
133.133,0.241428
133.2,0.241481
133.267,0.241542
133.333,0.241604
133.4,0.241676
133.467,0.241762
133.533,0.24185
133.6,0.241941
133.667,0.242035
133.733,0.242131
133.8,0.242236
133.867,0.24235
133.933,0.242468
134,0.242761
134.067,0.243159
134.133,0.24362
134.2,0.244165
134.267,0.24486
134.333,0.245614
134.4,0.246522
134.467,0.247566
134.533,0.248657
134.6,0.249884
134.667,0.251244
134.733,0.251244
134.8,0.251244
134.867,0.251244
134.933,0.251244
135,0.251244
135.067,0.251244
135.133,0.251244
135.2,0.251244
135.267,0.251244
135.333,0.251244
135.4,0.251244
135.467,0.251244
135.533,0.251244
135.6,0.251244
135.667,0.251244
135.733,0.251244
135.8,0.251244
135.867,0.251244
135.933,0.251244
136,0.251244
136.067,0.251244
136.133,0.251244
136.2,0.251244
136.267,0.251244
136.333,0.251244
136.4,0.251244
136.467,0.251244
136.533,0.251244
136.6,0.251244
136.667,0.251244
136.733,0.251244
136.8,0.251244
136.867,0.251244
136.933,0.251244
137,0.251244
137.067,0.251244
137.133,0.251244
137.2,0.251244
137.267,0.251244
137.333,0.251244
137.4,0.251244
137.467,0.251244
137.533,0.251244
137.6,0.251244
137.667,0.251244
137.733,0.251244
137.8,0.251244
137.867,0.251244
137.933,0.251244
138,0.251244
138.067,0.251244
138.133,0.230287
138.2,0.232954
138.267,0.235541
138.333,0.237795
138.4,0.239826
138.467,0.241743
138.533,0.243404
138.6,0.24481
138.667,0.246143
138.733,0.247319
138.8,0.248358
138.867,0.249313
138.933,0.250097
139,0.250817
139.067,0.251511
139.133,0.252152
139.2,0.252756
139.267,0.253352
139.333,0.253764
139.4,0.254127
139.467,0.254468
139.533,0.254779
139.6,0.255101
139.667,0.255419
139.733,0.255736
139.8,0.25604
139.867,0.256343
139.933,0.256621
140,0.256877
140.067,0.257185
140.133,0.257507
140.2,0.257866
140.267,0.258272
140.333,0.258675
140.4,0.259109
140.467,0.259585
140.533,0.260059
140.6,0.260552
140.667,0.26109
140.733,0.261639
140.8,0.262208
140.867,0.262808
140.933,0.263394
141,0.264164
141.067,0.265059
141.133,0.266007
141.2,0.267073
141.267,0.268255
141.333,0.269485
141.4,0.270739
141.467,0.270739
141.533,0.270739
141.6,0.270739
141.667,0.270739
141.733,0.270739
141.8,0.270739
141.867,0.270739
141.933,0.270739
142,0.270739
142.067,0.270739
142.133,0.270739
142.2,0.270739
142.267,0.270739
142.333,0.270739
142.4,0.270739
142.467,0.270739
142.533,0.270739
142.6,0.270739
142.667,0.270739
142.733,0.270739
142.8,0.270739
142.867,0.270739
142.933,0.270739
143,0.270739
143.067,0.270739
143.133,0.270739
143.2,0.270739
143.267,0.270739
143.333,0.270739
143.4,0.270739
143.467,0.270739
143.533,0.270739
143.6,0.270739
143.667,0.270739
143.733,0.270739
143.8,0.270739
143.867,0.270739
143.933,0.270739
144,0.270739
144.067,0.270739
144.133,0.270739
144.2,0.270739
144.267,0.270739
144.333,0.270739
144.4,0.270739
144.467,0.270739
144.533,0.270739
144.6,0.270739
144.667,0.270739
144.733,0.270739
144.8,0.270739
144.867,0.179893
144.933,0.183625
145,0.187503
145.067,0.191563
145.133,0.195552
145.2,0.199592
145.267,0.203766
145.333,0.207676
145.4,0.211453
145.467,0.215285
145.533,0.218904
145.6,0.22236
145.667,0.225902
145.733,0.229349
145.8,0.232721
145.867,0.236085
145.933,0.23928
146,0.242439
146.067,0.245642
146.133,0.248759
146.2,0.251845
146.267,0.254936
146.333,0.257729
146.4,0.260304
146.467,0.26284
146.533,0.265194
146.6,0.267414
146.667,0.26956
146.733,0.271517
146.8,0.2733
146.867,0.27505
146.933,0.276613
147,0.278037
147.067,0.279388
147.133,0.28061
147.2,0.281739
147.267,0.282827
147.333,0.283769
147.4,0.28458
147.467,0.285333
147.533,0.285966
147.6,0.286523
147.667,0.287053
147.733,0.287516
147.8,0.287923
147.867,0.288303
147.933,0.288615
148,0.288916
148.067,0.289221
148.133,0.28951
148.2,0.28951
148.267,0.28951
148.333,0.28951
148.4,0.28951
148.467,0.28951
148.533,0.28951
148.6,0.28951
148.667,0.28951
148.733,0.28951
148.8,0.28951
148.867,0.28951
148.933,0.28951
149,0.28951
149.067,0.28951
149.133,0.28951
149.2,0.28951
149.267,0.28951
149.333,0.28951
149.4,0.28951
149.467,0.28951
149.533,0.28951
149.6,0.28951
149.667,0.28951
149.733,0.28951
149.8,0.28951
149.867,0.28951
149.933,0.28951
150,0.28951
150.067,0.28951
150.133,0.28951
150.2,0.28951
150.267,0.28951
150.333,0.28951
150.4,0.28951
150.467,0.28951
150.533,0.28951
150.6,0.28951
150.667,0.28951
150.733,0.28951
150.8,0.28951
150.867,0.28951
150.933,0.28951
151,0.28951
151.067,0.28951
151.133,0.28951
151.2,0.28951
151.267,0.28951
151.333,0.28951
151.4,0.28951
151.467,0.28951
151.533,0.28951
151.6,0.00957838
151.667,0.00994616
151.733,0.0103084
151.8,0.0106884
151.867,0.0110771
151.933,0.011469
152,0.0126268
152.067,0.0142922
152.133,0.0162285
152.2,0.0186642
152.267,0.0215176
152.333,0.0244725
152.4,0.027788
152.467,0.0314365
152.533,0.0352115
152.6,0.0393334
152.667,0.0438341
152.733,0.0485011
152.8,0.053499
152.867,0.0588317
152.933,0.0643109
153,0.0702281
153.067,0.0765565
153.133,0.0830663
153.2,0.0899668
153.267,0.0972461
153.333,0.103949
153.4,0.110538
153.467,0.117234
153.533,0.123611
153.6,0.129953
153.667,0.136459
153.733,0.142732
153.8,0.148975
153.867,0.155361
153.933,0.161494
154,0.167403
154.067,0.173294
154.133,0.178939
154.2,0.184498
154.267,0.190033
154.333,0.195162
154.4,0.199998
154.467,0.204787
154.533,0.209255
154.6,0.21351
154.667,0.217732
154.733,0.221643
154.8,0.225337
154.867,0.229011
154.933,0.229011
155,0.229011
155.067,0.229011
155.133,0.229011
155.2,0.229011
155.267,0.229011
155.333,0.229011
155.4,0.229011
155.467,0.229011
155.533,0.229011
155.6,0.229011
155.667,0.229011
155.733,0.229011
155.8,0.229011
155.867,0.229011
155.933,0.229011
156,0.229011
156.067,0.229011
156.133,0.229011
156.2,0.229011
156.267,0.229011
156.333,0.229011
156.4,0.229011
156.467,0.229011
156.533,0.229011
156.6,0.229011
156.667,0.229011
156.733,0.229011
156.8,0.229011
156.867,0.229011
156.933,0.229011
157,0.229011
157.067,0.229011
157.133,0.229011
157.2,0.229011
157.267,0.229011
157.333,0.229011
157.4,0.229011
157.467,0.229011
157.533,0.229011
157.6,0.229011
157.667,0.229011
157.733,0.229011
157.8,0.229011
157.867,0.229011
157.933,0.229011
158,0.229011
158.067,0.229011
158.133,0.229011
158.2,0.229011
158.267,0.229011
158.333,0.0901452
158.4,0.0922334
158.467,0.0943494
158.533,0.0964502
158.6,0.0985755
158.667,0.100756
158.733,0.102892
158.8,0.105022
158.867,0.10718
158.933,0.109298
159,0.111536
159.067,0.113837
159.133,0.116121
159.2,0.118407
159.267,0.120754
159.333,0.122863
159.4,0.124916
159.467,0.126978
159.533,0.128901
159.6,0.13069
159.667,0.13246
159.733,0.134088
159.8,0.1356
159.867,0.137101
159.933,0.138525
160,0.140101
160.067,0.142115
160.133,0.144118
160.2,0.146199
160.267,0.148371
160.333,0.150394
160.4,0.152422
160.467,0.154482
160.533,0.156476
160.6,0.158414
160.667,0.160364
160.733,0.162238
160.8,0.164067
160.867,0.165908
160.933,0.167724
161,0.169556
161.067,0.171416
161.133,0.173253
161.2,0.175064
161.267,0.176886
161.333,0.178479
161.4,0.179617
161.467,0.180731
161.533,0.181706
161.6,0.182554
161.667,0.182554
161.733,0.182554
161.8,0.182554
161.867,0.182554
161.933,0.182554
162,0.182554
162.067,0.182554
162.133,0.182554
162.2,0.182554
162.267,0.182554
162.333,0.182554
162.4,0.182554
162.467,0.182554
162.533,0.182554
162.6,0.182554
162.667,0.182554
162.733,0.182554
162.8,0.182554
162.867,0.182554
162.933,0.182554
163,0.182554
163.067,0.182554
163.133,0.182554
163.2,0.182554
163.267,0.182554
163.333,0.182554
163.4,0.182554
163.467,0.182554
163.533,0.182554
163.6,0.182554
163.667,0.182554
163.733,0.182554
163.8,0.182554
163.867,0.182554
163.933,0.182554
164,0.182554
164.067,0.182554
164.133,0.182554
164.2,0.182554
164.267,0.182554
164.333,0.182554
164.4,0.182554
164.467,0.182554
164.533,0.182554
164.6,0.182554
164.667,0.182554
164.733,0.182554
164.8,0.182554
164.867,0.182554
164.933,0.182554
165,0.182554
165.067,0.0762756
165.133,0.0785833
165.2,0.0807733
165.267,0.0828961
165.333,0.0846248
165.4,0.086102
165.467,0.0874363
165.533,0.0885567
165.6,0.0894897
165.667,0.0903276
165.733,0.0909798
165.8,0.0914899
165.867,0.091928
165.933,0.0922207
166,0.0928385
166.067,0.093555
166.133,0.0943286
166.2,0.0951946
166.267,0.0961555
166.333,0.0971558
166.4,0.0982597
166.467,0.0994504
166.533,0.100679
166.6,0.101975
166.667,0.103335
166.733,0.104729
166.8,0.106217
166.867,0.10781
166.933,0.10946
167,0.111246
167.067,0.113114
167.133,0.115023
167.2,0.117033
167.267,0.119134
167.333,0.120898
167.4,0.122578
167.467,0.124182
167.533,0.125655
167.6,0.127047
167.667,0.128395
167.733,0.129645
167.8,0.130808
167.867,0.131928
167.933,0.132978
168,0.13434
168.067,0.135934
168.133,0.137567
168.2,0.13936
168.267,0.141435
168.333,0.143486
168.4,0.143486
168.467,0.143486
168.533,0.143486
168.6,0.143486
168.667,0.143486
168.733,0.143486
168.8,0.143486
168.867,0.143486
168.933,0.143486
169,0.143486
169.067,0.143486
169.133,0.143486
169.2,0.143486
169.267,0.143486
169.333,0.143486
169.4,0.143486
169.467,0.143486
169.533,0.143486
169.6,0.143486
169.667,0.143486
169.733,0.143486
169.8,0.143486
169.867,0.143486
169.933,0.143486
170,0.143486
170.067,0.143486
170.133,0.143486
170.2,0.143486
170.267,0.143486
170.333,0.143486
170.4,0.143486
170.467,0.143486
170.533,0.143486
170.6,0.143486
170.667,0.143486
170.733,0.143486
170.8,0.143486
170.867,0.143486
170.933,0.143486
171,0.143486
171.067,0.143486
171.133,0.143486
171.2,0.143486
171.267,0.143486
171.333,0.143486
171.4,0.143486
171.467,0.143486
171.533,0.143486
171.6,0.143486
171.667,0.143486
171.733,0.143486
171.8,0.175992
171.867,0.176298
171.933,0.176513
172,0.176659
172.067,0.176763
172.133,0.176835
172.2,0.176905
172.267,0.176974
172.333,0.177005
172.4,0.177036
172.467,0.177068
172.533,0.1771
172.6,0.177133
172.667,0.177166
172.733,0.177197
172.8,0.177229
172.867,0.17726
172.933,0.177291
173,0.177343
173.067,0.177395
173.133,0.177447
173.2,0.1775
173.267,0.177551
173.333,0.177583
173.4,0.177617
173.467,0.177651
173.533,0.177683
173.6,0.177714
173.667,0.177743
173.733,0.17777
173.8,0.177797
173.867,0.177825
173.933,0.177852
174,0.177893
174.067,0.177936
174.133,0.177979
174.2,0.178022
174.267,0.178063
174.333,0.178082
174.4,0.178101
174.467,0.178121
174.533,0.178141
174.6,0.178161
174.667,0.178181
174.733,0.1782
174.8,0.17822
174.867,0.178241
174.933,0.178263
175,0.178317
175.067,0.178397
175.133,0.178397
175.2,0.178397
175.267,0.178397
175.333,0.178397
175.4,0.178397
175.467,0.178397
175.533,0.178397
175.6,0.178397
175.667,0.178397
175.733,0.178397
175.8,0.178397
175.867,0.178397
175.933,0.178397
176,0.178397
176.067,0.178397
176.133,0.178397
176.2,0.178397
176.267,0.178397
176.333,0.178397
176.4,0.178397
176.467,0.178397
176.533,0.178397
176.6,0.178397
176.667,0.178397
176.733,0.178397
176.8,0.178397
176.867,0.178397
176.933,0.178397
177,0.178397
177.067,0.178397
177.133,0.178397
177.2,0.178397
177.267,0.178397
177.333,0.178397
177.4,0.178397
177.467,0.178397
177.533,0.178397
177.6,0.178397
177.667,0.178397
177.733,0.178397
177.8,0.178397
177.867,0.178397
177.933,0.178397
178,0.178397
178.067,0.178397
178.133,0.178397
178.2,0.178397
178.267,0.178397
178.333,0.178397
178.4,0.178397
178.467,0.178397
178.533,0.204642
178.6,0.211016
178.667,0.217384
178.733,0.223361
178.8,0.229088
178.867,0.234775
178.933,0.24009
179,0.245057
179.067,0.249904
179.133,0.25433
179.2,0.258398
179.267,0.262349
179.333,0.266081
179.4,0.269613
179.467,0.273113
179.533,0.276355
179.6,0.279368
179.667,0.282316
179.733,0.285042
179.8,0.28758
179.867,0.290104
179.933,0.292429
180,0.294564
180.067,0.296653
180.133,0.298545
180.2,0.300296
180.267,0.301995
180.333,0.303593
180.4,0.305127
180.467,0.306651
180.533,0.30807
180.6,0.309409
180.667,0.31073
180.733,0.311953
180.8,0.313073
180.867,0.31416
180.933,0.315128
181,0.316017
181.067,0.316884
181.133,0.31767
181.2,0.318391
181.267,0.319101
181.333,0.319783
181.4,0.320432
181.467,0.321079
181.533,0.321682
181.6,0.322256
181.667,0.322827
181.733,0.323366
181.8,0.323887
181.867,0.323887
181.933,0.323887
182,0.323887
182.067,0.323887
182.133,0.323887
182.2,0.323887
182.267,0.323887
182.333,0.323887
182.4,0.323887
182.467,0.323887
182.533,0.323887
182.6,0.323887
182.667,0.323887
182.733,0.323887
182.8,0.323887
182.867,0.323887
182.933,0.323887
183,0.323887
183.067,0.323887
183.133,0.323887
183.2,0.323887
183.267,0.323887
183.333,0.323887
183.4,0.323887
183.467,0.323887
183.533,0.323887
183.6,0.323887
183.667,0.323887
183.733,0.323887
183.8,0.323887
183.867,0.323887
183.933,0.323887
184,0.323887
184.067,0.323887
184.133,0.323887
184.2,0.323887
184.267,0.323887
184.333,0.323887
184.4,0.323887
184.467,0.323887
184.533,0.323887
184.6,0.323887
184.667,0.323887
184.733,0.323887
184.8,0.323887
184.867,0.323887
184.933,0.323887
185,0.323887
185.067,0.323887
185.133,0.323887
185.2,0.323887
185.267,0.0711261
185.333,0.0733857
185.4,0.0755165
185.467,0.0776377
185.533,0.0796243
185.6,0.0815267
185.667,0.0834155
185.733,0.0851738
185.8,0.0868462
185.867,0.0885063
185.933,0.0900676
186,0.0915488
186.067,0.093015
186.133,0.0943923
186.2,0.0957074
186.267,0.0970118
186.333,0.0982164
186.4,0.0993562
186.467,0.100483
186.533,0.101526
186.6,0.102508
186.667,0.103473
186.733,0.104361
186.8,0.105194
186.867,0.10601
186.933,0.106762
187,0.107461
187.067,0.108132
187.133,0.108743
187.2,0.109303
187.267,0.109837
187.333,0.110324
187.4,0.110771
187.467,0.111195
187.533,0.111572
187.6,0.111906
187.667,0.112222
187.733,0.112495
187.8,0.112728
187.867,0.112945
187.933,0.113124
188,0.113294
188.067,0.113454
188.133,0.113586
188.2,0.113695
188.267,0.11379
188.333,0.113873
188.4,0.113953
188.467,0.114033
188.533,0.114102
188.6,0.114102
188.667,0.114102
188.733,0.114102
188.8,0.114102
188.867,0.114102
188.933,0.114102
189,0.114102
189.067,0.114102
189.133,0.114102
189.2,0.114102
189.267,0.114102
189.333,0.114102
189.4,0.114102
189.467,0.114102
189.533,0.114102
189.6,0.114102
189.667,0.114102
189.733,0.114102
189.8,0.114102
189.867,0.114102
189.933,0.114102
190,0.114102
190.067,0.114102
190.133,0.114102
190.2,0.114102
190.267,0.114102
190.333,0.114102
190.4,0.114102
190.467,0.114102
190.533,0.114102
190.6,0.114102
190.667,0.114102
190.733,0.114102
190.8,0.114102
190.867,0.114102
190.933,0.114102
191,0.114102
191.067,0.114102
191.133,0.114102
191.2,0.114102
191.267,0.114102
191.333,0.114102
191.4,0.114102
191.467,0.114102
191.533,0.114102
191.6,0.114102
191.667,0.114102
191.733,0.114102
191.8,0.114102
191.867,0.114102
191.933,0.114102
192,0.00559361
192.067,0.00592024
192.133,0.00628586
192.2,0.00671084
192.267,0.00719226
192.333,0.00769504
192.4,0.008256
192.467,0.00887987
192.533,0.00953332
192.6,0.0102454
192.667,0.0110077
192.733,0.011794
192.8,0.0126319
192.867,0.0135226
192.933,0.014438
193,0.0155402
193.067,0.016725
193.133,0.0179514
193.2,0.0192686
193.267,0.0206792
193.333,0.0219281
193.4,0.0231929
193.467,0.0245004
193.533,0.0257885
193.6,0.0270952
193.667,0.0284377
193.733,0.0297554
193.8,0.031074
193.867,0.0324229
193.933,0.0337378
194,0.0350447
194.067,0.0363643
194.133,0.0376517
194.2,0.0389213
194.267,0.0401984
194.333,0.0413035
194.4,0.0423581
194.467,0.0434006
194.533,0.0443643
194.6,0.0452664
194.667,0.0461551
194.733,0.0469777
194.8,0.0477438
194.867,0.048494
194.933,0.0491816
195,0.0498262
195.067,0.0504618
195.133,0.0510465
195.2,0.0515938
195.267,0.052139
195.333,0.052139
195.4,0.052139
195.467,0.052139
195.533,0.052139
195.6,0.052139
195.667,0.052139
195.733,0.052139
195.8,0.052139
195.867,0.052139
195.933,0.052139
196,0.052139
196.067,0.052139
196.133,0.052139
196.2,0.052139
196.267,0.052139
196.333,0.052139
196.4,0.052139
196.467,0.052139
196.533,0.052139
196.6,0.052139
196.667,0.052139
196.733,0.052139
196.8,0.052139
196.867,0.052139
196.933,0.052139
197,0.052139
197.067,0.052139
197.133,0.052139
197.2,0.052139
197.267,0.052139
197.333,0.052139
197.4,0.052139
197.467,0.052139
197.533,0.052139
197.6,0.052139
197.667,0.052139
197.733,0.052139
197.8,0.052139
197.867,0.052139
197.933,0.052139
198,0.052139
198.067,0.052139
198.133,0.052139
198.2,0.052139
198.267,0.052139
198.333,0.052139
198.4,0.052139
198.467,0.052139
198.533,0.052139
198.6,0.052139
198.667,0.052139
198.733,0.0305666
198.8,0.031483
198.867,0.0324201
198.933,0.0333256
199,0.0342384
199.067,0.0351719
199.133,0.0360701
199.2,0.036961
199.267,0.0378742
199.333,0.0387277
199.4,0.0395695
199.467,0.0404277
199.533,0.0412475
199.6,0.0420598
199.667,0.0428938
199.733,0.0436965
199.8,0.0444897
199.867,0.0453079
199.933,0.0460965
200,0.0469324
200.067,0.0478082
200.133,0.0486735
200.2,0.0495503
200.267,0.0504626
200.333,0.0513404
200.4,0.0522319
200.467,0.0531611
200.533,0.0540739
200.6,0.0549966
200.667,0.0559467
200.733,0.0568703
200.8,0.0577934
200.867,0.0587433
200.933,0.0596713
201,0.0607146
201.067,0.0618381
201.133,0.062975
201.2,0.0641623
201.267,0.0654218
201.333,0.066637
201.4,0.0678738
201.467,0.0691642
201.533,0.0704319
201.6,0.0717214
201.667,0.0730665
201.733,0.074391
201.8,0.0757432
201.867,0.0771539
201.933,0.0785423
202,0.0800097
202.067,0.0800097
202.133,0.0800097
202.2,0.0800097
202.267,0.0800097
202.333,0.0800097
202.4,0.0800097
202.467,0.0800097
202.533,0.0800097
202.6,0.0800097
202.667,0.0800097
202.733,0.0800097
202.8,0.0800097
202.867,0.0800097
202.933,0.0800097
203,0.0800097
203.067,0.0800097
203.133,0.0800097
203.2,0.0800097
203.267,0.0800097
203.333,0.0800097
203.4,0.0800097
203.467,0.0800097
203.533,0.0800097
203.6,0.0800097
203.667,0.0800097
203.733,0.0800097
203.8,0.0800097
203.867,0.0800097
203.933,0.0800097
204,0.0800097
204.067,0.0800097
204.133,0.0800097
204.2,0.0800097
204.267,0.0800097
204.333,0.0800097
204.4,0.0800097
204.467,0.0800097
204.533,0.0800097
204.6,0.0800097
204.667,0.0800097
204.733,0.0800097
204.8,0.0800097
204.867,0.0800097
204.933,0.0800097
205,0.0800097
205.067,0.0800097
205.133,0.0800097
205.2,0.0800097
205.267,0.0800097
205.333,0.0800097
205.4,0.0800097
205.467,0.0773023
205.533,0.0788733
205.6,0.0804688
205.667,0.0821288
205.733,0.0837639
205.8,0.0854268
205.867,0.0871548
205.933,0.0888514
206,0.0906428
206.067,0.0925252
206.133,0.094396
206.2,0.0962923
206.267,0.0982366
206.333,0.10004
206.4,0.101779
206.467,0.103505
206.533,0.105127
206.6,0.106662
206.667,0.108182
206.733,0.109605
206.8,0.110964
206.867,0.112327
206.933,0.11362
207,0.114857
207.067,0.116086
207.133,0.117235
207.2,0.118323
207.267,0.11941
207.333,0.120357
207.4,0.121222
207.467,0.122075
207.533,0.12286
207.6,0.123614
207.667,0.124377
207.733,0.125097
207.8,0.125808
207.867,0.126537
207.933,0.127236
208,0.127922
208.067,0.128606
208.133,0.129244
208.2,0.12985
208.267,0.130446
208.333,0.131008
208.4,0.13155
208.467,0.132096
208.533,0.132618
208.6,0.133121
208.667,0.133616
208.733,0.134078
208.8,0.134078
208.867,0.134078
208.933,0.134078
209,0.134078
209.067,0.134078
209.133,0.134078
209.2,0.134078
209.267,0.134078
209.333,0.134078
209.4,0.134078
209.467,0.134078
209.533,0.134078
209.6,0.134078
209.667,0.134078
209.733,0.134078
209.8,0.134078
209.867,0.134078
209.933,0.134078
210,0.134078
210.067,0.134078
210.133,0.134078
210.2,0.134078
210.267,0.134078
210.333,0.134078
210.4,0.134078
210.467,0.134078
210.533,0.134078
210.6,0.134078
210.667,0.134078
210.733,0.134078
210.8,0.134078
210.867,0.134078
210.933,0.134078
211,0.134078
211.067,0.134078
211.133,0.134078
211.2,0.134078
211.267,0.134078
211.333,0.134078
211.4,0.134078
211.467,0.134078
211.533,0.134078
211.6,0.134078
211.667,0.134078
211.733,0.134078
211.8,0.134078
211.867,0.134078
211.933,0.134078
212,0.134078
212.067,0.134078
212.133,0.134078
212.2,0.0164624
212.267,0.0166345
212.333,0.0167706
212.4,0.0169049
212.467,0.0170548
212.533,0.0172007
212.6,0.0173557
212.667,0.0175097
212.733,0.0176627
212.8,0.0178117
212.867,0.0179627
212.933,0.0181099
213,0.0182845
213.067,0.0184663
213.133,0.0186422
213.2,0.0188229
213.267,0.0190065
213.333,0.0191715
213.4,0.0193421
213.467,0.0195179
213.533,0.0196901
213.6,0.0198631
213.667,0.0200459
213.733,0.0202297
213.8,0.0204043
213.867,0.0205855
213.933,0.0207562
214,0.0209478
214.067,0.0211473
214.133,0.0213471
214.2,0.0215452
214.267,0.0217439
214.333,0.0219132
214.4,0.0220758
214.467,0.0222385
214.533,0.0223911
214.6,0.0225363
214.667,0.0226805
214.733,0.0228126
214.8,0.0229356
214.867,0.0230561
214.933,0.0231635
215,0.0232899
215.067,0.0234194
215.133,0.0235479
215.2,0.0236743
215.267,0.0238067
215.333,0.0239176
215.4,0.0240246
215.467,0.024132
215.533,0.024132
215.6,0.024132
215.667,0.024132
215.733,0.024132
215.8,0.024132
215.867,0.024132
215.933,0.024132
216,0.024132
216.067,0.024132
216.133,0.024132
216.2,0.024132
216.267,0.024132
216.333,0.024132
216.4,0.024132
216.467,0.024132
216.533,0.024132
216.6,0.024132
216.667,0.024132
216.733,0.024132
216.8,0.024132
216.867,0.024132
216.933,0.024132
217,0.024132
217.067,0.024132
217.133,0.024132
217.2,0.024132
217.267,0.024132
217.333,0.024132
217.4,0.024132
217.467,0.024132
217.533,0.024132
217.6,0.024132
217.667,0.024132
217.733,0.024132
217.8,0.024132
217.867,0.024132
217.933,0.024132
218,0.024132
218.067,0.024132
218.133,0.024132
218.2,0.024132
218.267,0.024132
218.333,0.024132
218.4,0.024132
218.467,0.024132
218.533,0.024132
218.6,0.024132
218.667,0.024132
218.733,0.024132
218.8,0.024132
218.867,0.024132
218.933,0.007957
219,0.00800834
219.067,0.00806105
219.133,0.00811454
219.2,0.0081692
219.267,0.00822426
219.333,0.00824444
219.4,0.00826521
219.467,0.00828657
219.533,0.00830793
219.6,0.00832928
219.667,0.00835064
219.733,0.008372
219.8,0.00839336
219.867,0.00841471
219.933,0.00843607
220,0.00847761
220.067,0.00851915
220.133,0.00856069
220.2,0.00860222
220.267,0.00864376
220.333,0.00866884
220.4,0.00869255
220.467,0.00871548
220.533,0.00873722
220.6,0.00875858
220.667,0.00877994
220.733,0.00880071
220.8,0.00882089
220.867,0.00884107
220.933,0.00886125
221,0.00890514
221.067,0.00894903
221.133,0.00899292
221.2,0.00903681
221.267,0.0090809
221.333,0.009105
221.4,0.0091291
221.467,0.0091532
221.533,0.0091773
221.6,0.0092014
221.667,0.0092255
221.733,0.0092496
221.8,0.0092737
221.867,0.0092978
221.933,0.0093221
222,0.0093607
222.067,0.00939969
222.133,0.00943907
222.2,0.00947885
222.267,0.00947885
222.333,0.00947885
222.4,0.00947885
222.467,0.00947885
222.533,0.00947885
222.6,0.00947885
222.667,0.00947885
222.733,0.00947885
222.8,0.00947885
222.867,0.00947885
222.933,0.00947885
223,0.00947885
223.067,0.00947885
223.133,0.00947885
223.2,0.00947885
223.267,0.00947885
223.333,0.00947885
223.4,0.00947885
223.467,0.00947885
223.533,0.00947885
223.6,0.00947885
223.667,0.00947885
223.733,0.00947885
223.8,0.00947885
223.867,0.00947885
223.933,0.00947885
224,0.00947885
224.067,0.00947885
224.133,0.00947885
224.2,0.00947885
224.267,0.00947885
224.333,0.00947885
224.4,0.00947885
224.467,0.00947885
224.533,0.00947885
224.6,0.00947885
224.667,0.00947885
224.733,0.00947885
224.8,0.00947885
224.867,0.00947885
224.933,0.00947885
225,0.00947885
225.067,0.00947885
225.133,0.00947885
225.2,0.00947885
225.267,0.00947885
225.333,0.00947885
225.4,0.00947885
225.467,0.00947885
225.533,0.00947885
225.6,0.00947885
225.667,0.00884401
225.733,0.00892513
225.8,0.00900448
225.867,0.00908482
225.933,0.00916535
226,0.00927017
226.067,0.00937774
226.133,0.00948375
226.2,0.00958994
226.267,0.00969869
226.333,0.00978627
226.4,0.00987562
226.467,0.00996712
226.533,0.0100569
226.6,0.0101454
226.667,0.010233
226.733,0.0103155
226.8,0.0103986
226.867,0.0104844
226.933,0.01057
227,0.0106662
227.067,0.0107624
227.133,0.0108557
227.2,0.0109492
227.267,0.0110409
227.333,0.0111073
227.4,0.0111719
227.467,0.0112358
227.533,0.011295
227.6,0.0113493
227.667,0.0114026
227.733,0.0114519
227.8,0.011499
227.867,0.0115462
227.933,0.011591
228,0.0116481
228.067,0.0117041
228.133,0.0117558
228.2,0.0118038
228.267,0.0118503
228.333,0.011884
228.4,0.0119167
228.467,0.0119494
228.533,0.011979
228.6,0.0120058
228.667,0.0120307
228.733,0.0120521
228.8,0.0120713
228.867,0.0120899
228.933,0.0121079
229,0.0121079
229.067,0.0121079
229.133,0.0121079
229.2,0.0121079
229.267,0.0121079
229.333,0.0121079
229.4,0.0121079
229.467,0.0121079
229.533,0.0121079
229.6,0.0121079
229.667,0.0121079
229.733,0.0121079
229.8,0.0121079
229.867,0.0121079
229.933,0.0121079
230,0.0121079
230.067,0.0121079
230.133,0.0121079
230.2,0.0121079
230.267,0.0121079
230.333,0.0121079
230.4,0.0121079
230.467,0.0121079
230.533,0.0121079
230.6,0.0121079
230.667,0.0121079
230.733,0.0121079
230.8,0.0121079
230.867,0.0121079
230.933,0.0121079
231,0.0121079
231.067,0.0121079
231.133,0.0121079
231.2,0.0121079
231.267,0.0121079
231.333,0.0121079
231.4,0.0121079
231.467,0.0121079
231.533,0.0121079
231.6,0.0121079
231.667,0.0121079
231.733,0.0121079
231.8,0.0121079
231.867,0.0121079
231.933,0.0121079
232,0.0121079
232.067,0.0121079
232.133,0.0121079
232.2,0.0121079
232.267,0.0121079
232.333,0.0121079
232.4,0.00573057
232.467,0.00573469
232.533,0.0057388
232.6,0.00574291
232.667,0.00574703
232.733,0.00575114
232.8,0.00575526
232.867,0.00575937
232.933,0.00576349
233,0.00577858
233.067,0.00579366
233.133,0.00580875
233.2,0.00582384
233.267,0.00583892
233.333,0.0058499
233.4,0.00586087
233.467,0.00587184
233.533,0.00588281
233.6,0.00589379
233.667,0.00590476
233.733,0.00591573
233.8,0.0059267
233.867,0.00593768
233.933,0.00594865
234,0.00596354
234.067,0.00597843
234.133,0.00599332
234.2,0.00600821
234.267,0.0060231
234.333,0.00602702
234.4,0.00603094
234.467,0.00603486
234.533,0.00603878
234.6,0.0060427
234.667,0.00604662
234.733,0.00605054
234.8,0.00605445
234.867,0.00605837
234.933,0.00606229
235,0.00608365
235.067,0.00610501
235.133,0.00612636
235.2,0.00614772
235.267,0.00616908
235.333,0.00618652
235.4,0.00620395
235.467,0.00622139
235.533,0.00623883
235.6,0.00625627
235.667,0.00627371
235.733,0.00627371
235.8,0.00627371
235.867,0.00627371
235.933,0.00627371
236,0.00627371
236.067,0.00627371
236.133,0.00627371
236.2,0.00627371
236.267,0.00627371
236.333,0.00627371
236.4,0.00627371
236.467,0.00627371
236.533,0.00627371
236.6,0.00627371
236.667,0.00627371
236.733,0.00627371
236.8,0.00627371
236.867,0.00627371
236.933,0.00627371
237,0.00627371
237.067,0.00627371
237.133,0.00627371
237.2,0.00627371
237.267,0.00627371
237.333,0.00627371
237.4,0.00627371
237.467,0.00627371
237.533,0.00627371
237.6,0.00627371
237.667,0.00627371
237.733,0.00627371
237.8,0.00627371
237.867,0.00627371
237.933,0.00627371
238,0.00627371
238.067,0.00627371
238.133,0.00627371
238.2,0.00627371
238.267,0.00627371
238.333,0.00627371
238.4,0.00627371
238.467,0.00627371
238.533,0.00627371
238.6,0.00627371
238.667,0.00627371
238.733,0.00627371
238.8,0.00627371
238.867,0.00627371
238.933,0.00627371
239,0.00627371
239.067,0.00627371
239.133,0.00592337
239.2,0.00594924
239.267,0.0059751
239.333,0.00598627
239.4,0.00599646
239.467,0.00600665
239.533,0.00601683
239.6,0.00602702
239.667,0.00603721
239.733,0.0060474
239.8,0.00605759
239.867,0.00606778
239.933,0.00607797
240,0.00609854
240.067,0.00611911
240.133,0.00613969
240.2,0.00616026
240.267,0.00618083
240.333,0.00619122
240.4,0.0062016
240.467,0.00621199
240.533,0.00622237
240.6,0.00623276
240.667,0.00624314
240.733,0.00625353
240.8,0.00626391
240.867,0.0062743
240.933,0.00628468
241,0.00630388
241.067,0.00632308
241.133,0.00634229
241.2,0.00636149
241.267,0.00638069
241.333,0.00638951
241.4,0.00639832
241.467,0.00640714
241.533,0.00641596
241.6,0.00642478
241.667,0.00643359
241.733,0.00644241
241.8,0.00645123
241.867,0.00646004
241.933,0.00646886
242,0.00647983
242.067,0.00649081
242.133,0.00650178
242.2,0.00651275
242.267,0.00652372
242.333,0.00652647
242.4,0.00652921
242.467,0.00652921
242.533,0.00652921
242.6,0.00652921
242.667,0.00652921
242.733,0.00652921
242.8,0.00652921
242.867,0.00652921
242.933,0.00652921
243,0.00652921
243.067,0.00652921
243.133,0.00652921
243.2,0.00652921
243.267,0.00652921
243.333,0.00652921
243.4,0.00652921
243.467,0.00652921
243.533,0.00652921
243.6,0.00652921
243.667,0.00652921
243.733,0.00652921
243.8,0.00652921
243.867,0.00652921
243.933,0.00652921
244,0.00652921
244.067,0.00652921
244.133,0.00652921
244.2,0.00652921
244.267,0.00652921
244.333,0.00652921
244.4,0.00652921
244.467,0.00652921
244.533,0.00652921
244.6,0.00652921
244.667,0.00652921
244.733,0.00652921
244.8,0.00652921
244.867,0.00652921
244.933,0.00652921
245,0.00652921
245.067,0.00652921
245.133,0.00652921
245.2,0.00652921
245.267,0.00652921
245.333,0.00652921
245.4,0.00652921
245.467,0.00652921
245.533,0.00652921
245.6,0.00652921
245.667,0.00652921
245.733,0.00652921
245.8,0.00652921
245.867,0.00590574
245.933,0.00594179
246,0.00599842
246.067,0.00605602
246.133,0.00611363
246.2,0.00617123
246.267,0.00622884
246.333,0.00625216
246.4,0.00627743
246.467,0.00630486
246.533,0.00633229
246.6,0.00636639
246.667,0.00640048
246.733,0.00644594
246.8,0.00650237
246.867,0.0065633
246.933,0.00663619
247,0.00674259
247.067,0.00685388
247.133,0.00697614
247.2,0.00710997
247.267,0.00724771
247.333,0.00737429
247.4,0.00750948
247.467,0.00764958
247.533,0.00780398
247.6,0.00796974
247.667,0.0081406
247.733,0.00832262
247.8,0.00851523
247.867,0.00871508
247.933,0.00892141
248,0.00916182
248.067,0.00939773
248.133,0.00964461
248.2,0.00990481
248.267,0.0101611
248.333,0.0104001
248.4,0.0106515
248.467,0.0109008
248.533,0.0111541
248.6,0.011419
248.667,0.0116824
248.733,0.0119514
248.8,0.0122318
248.867,0.0125053
248.933,0.0127835
249,0.013079
249.067,0.0133694
249.133,0.013665
249.2,0.013665
249.267,0.013665
249.333,0.013665
249.4,0.013665
249.467,0.013665
249.533,0.013665
249.6,0.013665
249.667,0.013665
249.733,0.013665
249.8,0.013665
249.867,0.013665
249.933,0.013665
250,0.013665
250.067,0.013665
250.133,0.013665
250.2,0.013665
250.267,0.013665
250.333,0.013665
250.4,0.013665
250.467,0.013665
250.533,0.013665
250.6,0.013665
250.667,0.013665
250.733,0.013665
250.8,0.013665
250.867,0.013665
250.933,0.013665
251,0.013665
251.067,0.013665
251.133,0.013665
251.2,0.013665
251.267,0.013665
251.333,0.013665
251.4,0.013665
251.467,0.013665
251.533,0.013665
251.6,0.013665
251.667,0.013665
251.733,0.013665
251.8,0.013665
251.867,0.013665
251.933,0.013665
252,0.013665
252.067,0.013665
252.133,0.013665
252.2,0.013665
252.267,0.013665
252.333,0.013665
252.4,0.013665
252.467,0.013665
252.533,0.013665
252.6,0.0103907
252.667,0.0105873
252.733,0.0108032
252.8,0.0110385
252.867,0.0112813
252.933,0.0115428
253,0.0118661
253.067,0.012199
253.133,0.0125507
253.2,0.0129195
253.267,0.0132898
253.333,0.0136404
253.4,0.0140052
253.467,0.0143688
253.533,0.0147394
253.6,0.0151256
253.667,0.015501
253.733,0.0158807
253.8,0.01627
253.867,0.0166494
253.933,0.0170281
254,0.0174527
254.067,0.0178697
254.133,0.0182903
254.2,0.0187243
254.267,0.0191497
254.333,0.0195269
254.4,0.0199066
254.467,0.0202726
254.533,0.0206259
254.6,0.0209798
254.667,0.0213131
254.733,0.0216303
254.8,0.0219379
254.867,0.0222249
254.933,0.0224918
255,0.0227753
255.067,0.0230385
255.133,0.0232832
255.2,0.0235203
255.267,0.0237399
255.333,0.0239018
255.4,0.0240528
255.467,0.0241808
255.533,0.024288
255.6,0.024385
255.667,0.0244684
255.733,0.0245374
255.8,0.0245973
255.867,0.0246481
255.933,0.0246481
256,0.0246481
256.067,0.0246481
256.133,0.0246481
256.2,0.0246481
256.267,0.0246481
256.333,0.0246481
256.4,0.0246481
256.467,0.0246481
256.533,0.0246481
256.6,0.0246481
256.667,0.0246481
256.733,0.0246481
256.8,0.0246481
256.867,0.0246481
256.933,0.0246481
257,0.0246481
257.067,0.0246481
257.133,0.0246481
257.2,0.0246481
257.267,0.0246481
257.333,0.0246481
257.4,0.0246481
257.467,0.0246481
257.533,0.0246481
257.6,0.0246481
257.667,0.0246481
257.733,0.0246481
257.8,0.0246481
257.867,0.0246481
257.933,0.0246481
258,0.0246481
258.067,0.0246481
258.133,0.0246481
258.2,0.0246481
258.267,0.0246481
258.333,0.0246481
258.4,0.0246481
258.467,0.0246481
258.533,0.0246481
258.6,0.0246481
258.667,0.0246481
258.733,0.0246481
258.8,0.0246481
258.867,0.0246481
258.933,0.0246481
259,0.0246481
259.067,0.0246481
259.133,0.0246481
259.2,0.0246481
259.267,0.0246481
259.333,0.0117217
259.4,0.0120009
259.467,0.0122755
259.533,0.0125517
259.6,0.0128327
259.667,0.0131125
259.733,0.013399
259.8,0.0136929
259.867,0.0139842
259.933,0.0142752
260,0.0146067
260.067,0.0149159
260.133,0.0152133
260.2,0.0155004
260.267,0.0157314
260.333,0.0159424
260.4,0.0161675
260.467,0.0163966
260.533,0.0166401
260.6,0.016889
260.667,0.017137
260.733,0.0173886
260.8,0.0176549
260.867,0.0179169
260.933,0.0181816
261,0.0184731
261.067,0.0187571
261.133,0.01904
261.2,0.0193259
261.267,0.0196002
261.333,0.0198347
261.4,0.0200804
261.467,0.0203242
261.533,0.0205689
261.6,0.0208256
261.667,0.0210728
261.733,0.021323
261.8,0.0215795
261.867,0.0218254
261.933,0.0220756
262,0.022339
262.067,0.0225929
262.133,0.022831
262.2,0.0230675
262.267,0.0232946
262.333,0.0234925
262.4,0.0236907
262.467,0.023879
262.533,0.0240611
262.6,0.0242415
262.667,0.0242415
262.733,0.0242415
262.8,0.0242415
262.867,0.0242415
262.933,0.0242415
263,0.0242415
263.067,0.0242415
263.133,0.0242415
263.2,0.0242415
263.267,0.0242415
263.333,0.0242415
263.4,0.0242415
263.467,0.0242415
263.533,0.0242415
263.6,0.0242415
263.667,0.0242415
263.733,0.0242415
263.8,0.0242415
263.867,0.0242415
263.933,0.0242415
264,0.0242415
264.067,0.0242415
264.133,0.0242415
264.2,0.0242415
264.267,0.0242415
264.333,0.0242415
264.4,0.0242415
264.467,0.0242415
264.533,0.0242415
264.6,0.0242415
264.667,0.0242415
264.733,0.0242415
264.8,0.0242415
264.867,0.0242415
264.933,0.0242415
265,0.0242415
265.067,0.0242415
265.133,0.0242415
265.2,0.0242415
265.267,0.0242415
265.333,0.0242415
265.4,0.0242415
265.467,0.0242415
265.533,0.0242415
265.6,0.0242415
265.667,0.0242415
265.733,0.0242415
265.8,0.0242415
265.867,0.0242415
265.933,0.0242415
266,0.0242415
266.067,0.00819311
266.133,0.0082995
266.2,0.00840923
266.267,0.00851758
266.333,0.00859439
266.4,0.00867217
266.467,0.00874604
266.533,0.0088154
266.6,0.00888457
266.667,0.00895256
266.733,0.0090182
266.8,0.00908247
266.867,0.00914281
266.933,0.00919924
267,0.00927762
267.067,0.0093511
267.133,0.0094232
267.2,0.00949433
267.267,0.00956153
267.333,0.00961541
267.4,0.00966753
267.467,0.00971671
267.533,0.00976315
267.6,0.00980959
267.667,0.00985544
267.733,0.00990031
267.8,0.00994635
267.867,0.00999338
267.933,0.0100449
268,0.0101297
268.067,0.010215
268.133,0.0103041
268.2,0.0103945
268.267,0.0104852
268.333,0.010553
268.4,0.0106214
268.467,0.0106882
268.533,0.0107546
268.6,0.0108214
268.667,0.0108908
268.733,0.0109621
268.8,0.0110356
268.867,0.0111077
268.933,0.0111788
269,0.0112576
269.067,0.0113354
269.133,0.0114112
269.2,0.011485
269.267,0.011553
269.333,0.0115877
269.4,0.0115877
269.467,0.0115877
269.533,0.0115877
269.6,0.0115877
269.667,0.0115877
269.733,0.0115877
269.8,0.0115877
269.867,0.0115877
269.933,0.0115877
270,0.0115877
270.067,0.0115877
270.133,0.0115877
270.2,0.0115877
270.267,0.0115877
270.333,0.0115877
270.4,0.0115877
270.467,0.0115877
270.533,0.0115877
270.6,0.0115877
270.667,0.0115877
270.733,0.0115877
270.8,0.0115877
270.867,0.0115877
270.933,0.0115877
271,0.0115877
271.067,0.0115877
271.133,0.0115877
271.2,0.0115877
271.267,0.0115877
271.333,0.0115877
271.4,0.0115877
271.467,0.0115877
271.533,0.0115877
271.6,0.0115877
271.667,0.0115877
271.733,0.0115877
271.8,0.0115877
271.867,0.0115877
271.933,0.0115877
272,0.0115877
272.067,0.0115877
272.133,0.0115877
272.2,0.0115877
272.267,0.0115877
272.333,0.0115877
272.4,0.0115877
272.467,0.0115877
272.533,0.0115877
272.6,0.0115877
272.667,0.0115877
272.733,0.0115877
272.8,0.00651079
272.867,0.00655801
272.933,0.00660543
273,0.00667264
273.067,0.00674043
273.133,0.0068092
273.2,0.00687896
273.267,0.00695067
273.333,0.00699495
273.4,0.00703571
273.467,0.0070747
273.533,0.00711545
273.6,0.00715582
273.667,0.00719794
273.733,0.00724203
273.8,0.00728572
273.867,0.00732903
273.933,0.00737252
274,0.00742405
274.067,0.00747519
274.133,0.00752594
274.2,0.00757473
274.267,0.00762332
274.333,0.00765311
274.4,0.0076823
274.467,0.0077111
274.533,0.00773991
274.6,0.00776675
274.667,0.00779261
274.733,0.0078171
274.8,0.00784062
274.867,0.00786178
274.933,0.00788294
275,0.00791233
275.067,0.00794211
275.133,0.00797248
275.2,0.00800148
275.267,0.00803107
275.333,0.00805105
275.4,0.00806986
275.467,0.00809122
275.533,0.00811806
275.6,0.00814589
275.667,0.00817802
275.733,0.00821251
275.8,0.00824993
275.867,0.00829245
275.933,0.00834065
276,0.00842039
276.067,0.00850426
276.133,0.00850426
276.2,0.00850426
276.267,0.00850426
276.333,0.00850426
276.4,0.00850426
276.467,0.00850426
276.533,0.00850426
276.6,0.00850426
276.667,0.00850426
276.733,0.00850426
276.8,0.00850426
276.867,0.00850426
276.933,0.00850426
277,0.00850426
277.067,0.00850426
277.133,0.00850426
277.2,0.00850426
277.267,0.00850426
277.333,0.00850426
277.4,0.00850426
277.467,0.00850426
277.533,0.00850426
277.6,0.00850426
277.667,0.00850426
277.733,0.00850426
277.8,0.00850426
277.867,0.00850426
277.933,0.00850426
278,0.00850426
278.067,0.00850426
278.133,0.00850426
278.2,0.00850426
278.267,0.00850426
278.333,0.00850426
278.4,0.00850426
278.467,0.00850426
278.533,0.00850426
278.6,0.00850426
278.667,0.00850426
278.733,0.00850426
278.8,0.00850426
278.867,0.00850426
278.933,0.00850426
279,0.00850426
279.067,0.00850426
279.133,0.00850426
279.2,0.00850426
279.267,0.00850426
279.333,0.00850426
279.4,0.00850426
279.467,0.00850426
279.533,0.0219471
279.6,0.0227971
279.667,0.0236835
279.733,0.0246197
279.8,0.0255545
279.867,0.0265326
279.933,0.0275664
280,0.0286366
280.067,0.029743
280.133,0.0309106
280.2,0.0320767
280.267,0.0332915
280.333,0.0345441
280.4,0.0358001
280.467,0.037126
280.533,0.0385459
280.6,0.0399747
280.667,0.0414812
280.733,0.0431032
280.8,0.0447371
280.867,0.0464649
280.933,0.0483326
281,0.0502604
281.067,0.0523028
281.133,0.0544889
281.2,0.0566903
281.267,0.0589902
281.333,0.0613967
281.4,0.0638253
281.467,0.0663758
281.533,0.0690923
281.6,0.0718223
281.667,0.0746781
281.733,0.0777145
281.8,0.0807539
281.867,0.0839032
281.933,0.0872112
282,0.0904745
282.067,0.0937124
282.133,0.0969998
282.2,0.100189
282.267,0.103345
282.333,0.10652
282.4,0.109592
282.467,0.112635
282.533,0.115742
282.6,0.118755
282.667,0.121716
282.733,0.12472
282.8,0.127591
282.867,0.127591
282.933,0.127591
283,0.127591
283.067,0.127591
283.133,0.127591
283.2,0.127591
283.267,0.127591
283.333,0.127591
283.4,0.127591
283.467,0.127591
283.533,0.127591
283.6,0.127591
283.667,0.127591
283.733,0.127591
283.8,0.127591
283.867,0.127591
283.933,0.127591
284,0.127591
284.067,0.127591
284.133,0.127591
284.2,0.127591
284.267,0.127591
284.333,0.127591
284.4,0.127591
284.467,0.127591
284.533,0.127591
284.6,0.127591
284.667,0.127591
284.733,0.127591
284.8,0.127591
284.867,0.127591
284.933,0.127591
285,0.127591
285.067,0.127591
285.133,0.127591
285.2,0.127591
285.267,0.127591
285.333,0.127591
285.4,0.127591
285.467,0.127591
285.533,0.127591
285.6,0.127591
285.667,0.127591
285.733,0.127591
285.8,0.127591
285.867,0.127591
285.933,0.127591
286,0.127591
286.067,0.127591
286.133,0.127591
286.2,0.127591
286.267,0.262846
286.333,0.27038
286.4,0.277684
286.467,0.284994
286.533,0.292562
286.6,0.299906
286.667,0.307279
286.733,0.314879
286.8,0.322274
286.867,0.32968
286.933,0.337306
287,0.344796
287.067,0.352317
287.133,0.360051
287.2,0.367613
287.267,0.375192
287.333,0.382766
287.4,0.389987
287.467,0.397044
287.533,0.404209
287.6,0.411064
287.667,0.417768
287.733,0.424543
287.8,0.431015
287.867,0.437297
287.933,0.443602
288,0.449566
288.067,0.455283
288.133,0.460991
288.2,0.466363
288.267,0.471515
288.333,0.476621
288.4,0.481413
288.467,0.485985
288.533,0.490548
288.6,0.494834
288.667,0.498929
288.733,0.503007
288.8,0.506819
288.867,0.510435
288.933,0.514056
289,0.517525
289.067,0.520921
289.133,0.524367
289.2,0.527633
289.267,0.530815
289.333,0.534017
289.4,0.537092
289.467,0.540086
289.533,0.543097
289.6,0.543097
289.667,0.543097
289.733,0.543097
289.8,0.543097
289.867,0.543097
289.933,0.543097
290,0.543097
290.067,0.543097
290.133,0.543097
290.2,0.543097
290.267,0.543097
290.333,0.543097
290.4,0.543097
290.467,0.543097
290.533,0.543097
290.6,0.543097
290.667,0.543097
290.733,0.543097
290.8,0.543097
290.867,0.543097
290.933,0.543097
291,0.543097
291.067,0.543097
291.133,0.543097
291.2,0.543097
291.267,0.543097
291.333,0.543097
291.4,0.543097
291.467,0.543097
291.533,0.543097
291.6,0.543097
291.667,0.543097
291.733,0.543097
291.8,0.543097
291.867,0.543097
291.933,0.543097
292,0.543097
292.067,0.543097
292.133,0.543097
292.2,0.543097
292.267,0.543097
292.333,0.543097
292.4,0.543097
292.467,0.543097
292.533,0.543097
292.6,0.543097
292.667,0.543097
292.733,0.543097
292.8,0.543097
292.867,0.543097
292.933,0.543097
293,0.292873
293.067,0.298103
293.133,0.303624
293.2,0.309005
293.267,0.314433
293.333,0.320003
293.4,0.32544
293.467,0.330893
293.533,0.336571
293.6,0.342138
293.667,0.347804
293.733,0.353715
293.8,0.359577
293.867,0.365556
293.933,0.371773
294,0.377904
294.067,0.384127
294.133,0.390544
294.2,0.396888
294.267,0.403305
294.333,0.409589
294.4,0.415537
294.467,0.421294
294.533,0.427136
294.6,0.43269
294.667,0.438114
294.733,0.443584
294.8,0.448824
294.867,0.453868
294.933,0.458915
295,0.463753
295.067,0.46846
295.133,0.473203
295.2,0.477677
295.267,0.481942
295.333,0.486242
295.4,0.490312
295.467,0.494281
295.533,0.498292
295.6,0.502122
295.667,0.505903
295.733,0.509764
295.8,0.51349
295.867,0.517213
295.933,0.52111
296,0.524944
296.067,0.528815
296.133,0.5328
296.2,0.536735
296.267,0.540739
296.333,0.540739
296.4,0.540739
296.467,0.540739
296.533,0.540739
296.6,0.540739
296.667,0.540739
296.733,0.540739
296.8,0.540739
296.867,0.540739
296.933,0.540739
297,0.540739
297.067,0.540739
297.133,0.540739
297.2,0.540739
297.267,0.540739
297.333,0.540739
297.4,0.540739
297.467,0.540739
297.533,0.540739
297.6,0.540739
297.667,0.540739
297.733,0.540739
297.8,0.540739
297.867,0.540739
297.933,0.540739
298,0.540739
298.067,0.540739
298.133,0.540739
298.2,0.540739
298.267,0.540739
298.333,0.540739
298.4,0.540739
298.467,0.540739
298.533,0.540739
298.6,0.540739
298.667,0.540739
298.733,0.540739
298.8,0.540739
298.867,0.540739
298.933,0.540739
299,0.540739
299.067,0.540739
299.133,0.540739
299.2,0.540739
299.267,0.540739
299.333,0.540739
299.4,0.540739
299.467,0.540739
299.533,0.540739
299.6,0.540739
299.667,0.540739
299.733,0.339825
299.8,0.343727
299.867,0.347527
299.933,0.351332
300,0.355009
300.067,0.358636
300.133,0.362349
300.2,0.365918
300.267,0.369519
300.333,0.373193
300.4,0.376797
300.467,0.380403
300.533,0.384058
300.6,0.387633
300.667,0.391187
300.733,0.394803
300.8,0.398309
300.867,0.401764
300.933,0.40529
301,0.40882
301.067,0.412442
301.133,0.416265
301.2,0.42002
301.267,0.423906
301.333,0.427923
301.4,0.431855
301.467,0.435893
301.533,0.440148
301.6,0.444322
301.667,0.448554
301.733,0.452986
301.8,0.457386
301.867,0.461908
301.933,0.466612
302,0.471303
302.067,0.476039
302.133,0.480891
302.2,0.485663
302.267,0.490444
302.333,0.495201
302.4,0.499729
302.467,0.504123
302.533,0.508534
302.6,0.512717
302.667,0.516741
302.733,0.520761
302.8,0.524532
302.867,0.52814
302.933,0.531762
303,0.535258
303.067,0.535258
303.133,0.535258
303.2,0.535258
303.267,0.535258
303.333,0.535258
303.4,0.535258
303.467,0.535258
303.533,0.535258
303.6,0.535258
303.667,0.535258
303.733,0.535258
303.8,0.535258
303.867,0.535258
303.933,0.535258
304,0.535258
304.067,0.535258
304.133,0.535258
304.2,0.535258
304.267,0.535258
304.333,0.535258
304.4,0.535258
304.467,0.535258
304.533,0.535258
304.6,0.535258
304.667,0.535258
304.733,0.535258
304.8,0.535258
304.867,0.535258
304.933,0.535258
305,0.535258
305.067,0.535258
305.133,0.535258
305.2,0.535258
305.267,0.535258
305.333,0.535258
305.4,0.535258
305.467,0.535258
305.533,0.535258
305.6,0.535258
305.667,0.535258
305.733,0.535258
305.8,0.535258
305.867,0.535258
305.933,0.535258
306,0.535258
306.067,0.535258
306.133,0.535258
306.2,0.535258
306.267,0.535258
306.333,0.535258
306.4,0.535258
306.467,0.391023
306.533,0.397554
306.6,0.403831
306.667,0.409995
306.733,0.416248
306.8,0.422195
306.867,0.427983
306.933,0.433809
307,0.439392
307.067,0.444872
307.133,0.45047
307.2,0.455856
307.267,0.461153
307.333,0.466509
307.4,0.47166
307.467,0.476723
307.533,0.481904
307.6,0.486894
307.667,0.491802
307.733,0.496788
307.8,0.501537
307.867,0.506152
307.933,0.510793
308,0.515258
308.067,0.519619
308.133,0.524049
308.2,0.528305
308.267,0.532487
308.333,0.536651
308.4,0.540594
308.467,0.544384
308.533,0.548181
308.6,0.551764
308.667,0.555201
308.733,0.558597
308.8,0.561786
308.867,0.564781
308.933,0.56775
309,0.570606
309.067,0.573441
309.133,0.576336
309.2,0.579085
309.267,0.581774
309.333,0.584484
309.4,0.587055
309.467,0.589576
309.533,0.592175
309.6,0.59468
309.667,0.597149
309.733,0.599642
309.8,0.599642
309.867,0.599642
309.933,0.599642
310,0.599642
310.067,0.599642
310.133,0.599642
310.2,0.599642
310.267,0.599642
310.333,0.599642
310.4,0.599642
310.467,0.599642
310.533,0.599642
310.6,0.599642
310.667,0.599642
310.733,0.599642
310.8,0.599642
310.867,0.599642
310.933,0.599642
311,0.599642
311.067,0.599642
311.133,0.599642
311.2,0.599642
311.267,0.599642
311.333,0.599642
311.4,0.599642
311.467,0.599642
311.533,0.599642
311.6,0.599642
311.667,0.599642
311.733,0.599642
311.8,0.599642
311.867,0.599642
311.933,0.599642
312,0.599642
312.067,0.599642
312.133,0.599642
312.2,0.599642
312.267,0.599642
312.333,0.599642
312.4,0.599642
312.467,0.599642
312.533,0.599642
312.6,0.599642
312.667,0.599642
312.733,0.599642
312.8,0.599642
312.867,0.599642
312.933,0.599642
313,0.599642
313.067,0.599642
313.133,0.599642
313.2,0.294084
313.267,0.299002
313.333,0.304024
313.4,0.308869
313.467,0.313701
313.533,0.318645
313.6,0.323415
313.667,0.328055
313.733,0.332754
313.8,0.337239
313.867,0.341634
313.933,0.346055
314,0.350514
314.067,0.35517
314.133,0.360127
314.2,0.365072
314.267,0.370191
314.333,0.375448
314.4,0.380559
314.467,0.385707
314.533,0.390979
314.6,0.396066
314.667,0.401095
314.733,0.406227
314.8,0.411211
314.867,0.416226
314.933,0.421399
315,0.426716
315.067,0.432315
315.133,0.438274
315.2,0.444263
315.267,0.450555
315.333,0.457033
315.4,0.463262
315.467,0.469546
315.533,0.475994
315.6,0.482217
315.667,0.488374
315.733,0.494592
315.8,0.500593
315.867,0.506553
315.933,0.512605
316,0.518583
316.067,0.52458
316.133,0.530702
316.2,0.536651
316.267,0.542513
316.333,0.548218
316.4,0.553518
316.467,0.558544
316.533,0.558544
316.6,0.558544
316.667,0.558544
316.733,0.558544
316.8,0.558544
316.867,0.558544
316.933,0.558544
317,0.558544
317.067,0.558544
317.133,0.558544
317.2,0.558544
317.267,0.558544
317.333,0.558544
317.4,0.558544
317.467,0.558544
317.533,0.558544
317.6,0.558544
317.667,0.558544
317.733,0.558544
317.8,0.558544
317.867,0.558544
317.933,0.558544
318,0.558544
318.067,0.558544
318.133,0.558544
318.2,0.558544
318.267,0.558544
318.333,0.558544
318.4,0.558544
318.467,0.558544
318.533,0.558544
318.6,0.558544
318.667,0.558544
318.733,0.558544
318.8,0.558544
318.867,0.558544
318.933,0.558544
319,0.558544
319.067,0.558544
319.133,0.558544
319.2,0.558544
319.267,0.558544
319.333,0.558544
319.4,0.558544
319.467,0.558544
319.533,0.558544
319.6,0.558544
319.667,0.558544
319.733,0.558544
319.8,0.558544
319.867,0.558544
319.933,0.196816
320,0.197246
320.067,0.197581
320.133,0.197879
320.2,0.198118
320.267,0.198303
320.333,0.198467
320.4,0.198586
320.467,0.198666
320.533,0.198731
320.6,0.198799
320.667,0.19887
320.733,0.198948
320.8,0.199026
320.867,0.199105
320.933,0.199186
321,0.199264
321.067,0.19934
321.133,0.19942
321.2,0.199502
321.267,0.19959
321.333,0.199663
321.4,0.199728
321.467,0.199785
321.533,0.199841
321.6,0.199893
321.667,0.199949
321.733,0.200008
321.8,0.200069
321.867,0.200132
321.933,0.200194
322,0.20026
322.067,0.200325
322.133,0.200394
322.2,0.200464
322.267,0.20053
322.333,0.200597
322.4,0.200661
322.467,0.200722
322.533,0.20078
322.6,0.20083
322.667,0.200874
322.733,0.200918
322.8,0.200961
322.867,0.201003
322.933,0.201045
323,0.201118
323.067,0.201196
323.133,0.201276
323.2,0.201352
323.267,0.201352
323.333,0.201352
323.4,0.201352
323.467,0.201352
323.533,0.201352
323.6,0.201352
323.667,0.201352
323.733,0.201352
323.8,0.201352
323.867,0.201352
323.933,0.201352
324,0.201352
324.067,0.201352
324.133,0.201352
324.2,0.201352
324.267,0.201352
324.333,0.201352
324.4,0.201352
324.467,0.201352
324.533,0.201352
324.6,0.201352
324.667,0.201352
324.733,0.201352
324.8,0.201352
324.867,0.201352
324.933,0.201352
325,0.201352
325.067,0.201352
325.133,0.201352
325.2,0.201352
325.267,0.201352
325.333,0.201352
325.4,0.201352
325.467,0.201352
325.533,0.201352
325.6,0.201352
325.667,0.201352
325.733,0.201352
325.8,0.201352
325.867,0.201352
325.933,0.201352
326,0.201352
326.067,0.201352
326.133,0.201352
326.2,0.201352
326.267,0.201352
326.333,0.201352
326.4,0.201352
326.467,0.201352
326.533,0.201352
326.6,0.201352
326.667,0.0066358
326.733,0.00669987
326.8,0.00675963
326.867,0.00681881
326.933,0.00687778
327,0.0069495
327.067,0.00702023
327.133,0.00708606
327.2,0.00714661
327.267,0.00720088
327.333,0.00724516
327.4,0.0072867
327.467,0.00732981
327.533,0.00737194
327.6,0.00741308
327.667,0.00745031
327.733,0.00748421
327.8,0.00751517
327.867,0.00754475
327.933,0.00757336
328,0.00782808
328.067,0.00834457
328.133,0.00891651
328.2,0.00960699
328.267,0.0104125
328.333,0.0112523
328.4,0.0123197
328.467,0.0138522
328.533,0.0154059
328.6,0.0169668
328.667,0.0185774
328.733,0.020197
328.8,0.0218687
328.867,0.0235571
328.933,0.0252479
329,0.0272405
329.067,0.0294544
329.133,0.0318035
329.2,0.0344324
329.267,0.0372888
329.333,0.0400227
329.4,0.0427125
329.467,0.0455103
329.533,0.0483002
329.6,0.051198
329.667,0.054338
329.733,0.0573437
329.8,0.0600723
329.867,0.0629663
329.933,0.0659459
330,0.0659459
330.067,0.0659459
330.133,0.0659459
330.2,0.0659459
330.267,0.0659459
330.333,0.0659459
330.4,0.0659459
330.467,0.0659459
330.533,0.0659459
330.6,0.0659459
330.667,0.0659459
330.733,0.0659459
330.8,0.0659459
330.867,0.0659459
330.933,0.0659459
331,0.0659459
331.067,0.0659459
331.133,0.0659459
331.2,0.0659459
331.267,0.0659459
331.333,0.0659459
331.4,0.0659459
331.467,0.0659459
331.533,0.0659459
331.6,0.0659459
331.667,0.0659459
331.733,0.0659459
331.8,0.0659459
331.867,0.0659459
331.933,0.0659459
332,0.0659459
332.067,0.0659459
332.133,0.0659459
332.2,0.0659459
332.267,0.0659459
332.333,0.0659459
332.4,0.0659459
332.467,0.0659459
332.533,0.0659459
332.6,0.0659459
332.667,0.0659459
332.733,0.0659459
332.8,0.0659459
332.867,0.0659459
332.933,0.0659459
333,0.0659459
333.067,0.0659459
333.133,0.0659459
333.2,0.0659459
333.267,0.0659459
333.333,0.0659459
333.4,0.169185
333.467,0.173114
333.533,0.176816
333.6,0.180397
333.667,0.183961
333.733,0.187346
333.8,0.190605
333.867,0.193869
333.933,0.196958
334,0.200099
334.067,0.203298
334.133,0.206326
334.2,0.209266
334.267,0.212172
334.333,0.214767
334.4,0.217202
334.467,0.219567
334.533,0.221766
334.6,0.223789
334.667,0.225802
334.733,0.22772
334.8,0.229515
334.867,0.231242
334.933,0.232821
335,0.234475
335.067,0.236221
335.133,0.237878
335.2,0.239656
335.267,0.241461
335.333,0.243039
335.4,0.244526
335.467,0.246045
335.533,0.247487
335.6,0.248948
335.667,0.250469
335.733,0.251975
335.8,0.253523
335.867,0.255144
335.933,0.256776
336,0.258455
336.067,0.260201
336.133,0.261984
336.2,0.263852
336.267,0.265791
336.333,0.26755
336.4,0.269169
336.467,0.270763
336.533,0.272114
336.6,0.273384
336.667,0.274638
336.733,0.274638
336.8,0.274638
336.867,0.274638
336.933,0.274638
337,0.274638
337.067,0.274638
337.133,0.274638
337.2,0.274638
337.267,0.274638
337.333,0.274638
337.4,0.274638
337.467,0.274638
337.533,0.274638
337.6,0.274638
337.667,0.274638
337.733,0.274638
337.8,0.274638
337.867,0.274638
337.933,0.274638
338,0.274638
338.067,0.274638
338.133,0.274638
338.2,0.274638
338.267,0.274638
338.333,0.274638
338.4,0.274638
338.467,0.274638
338.533,0.274638
338.6,0.274638
338.667,0.274638
338.733,0.274638
338.8,0.274638
338.867,0.274638
338.933,0.274638
339,0.274638
339.067,0.274638
339.133,0.274638
339.2,0.274638
339.267,0.274638
339.333,0.274638
339.4,0.274638
339.467,0.274638
339.533,0.274638
339.6,0.274638
339.667,0.274638
339.733,0.274638
339.8,0.274638
339.867,0.274638
339.933,0.274638
340,0.274638
340.067,0.274638
340.133,0.151654
340.2,0.154003
340.267,0.156391
340.333,0.158507
340.4,0.160678
340.467,0.162878
340.533,0.165083
340.6,0.167346
340.667,0.169698
340.733,0.172023
340.8,0.174355
340.867,0.176712
340.933,0.179007
341,0.181234
341.067,0.183431
341.133,0.185531
341.2,0.187517
341.267,0.189445
341.333,0.191013
341.4,0.192327
341.467,0.193527
341.533,0.194558
341.6,0.19544
341.667,0.196253
341.733,0.196948
341.8,0.197532
341.867,0.198066
341.933,0.198486
342,0.198792
342.067,0.199048
342.133,0.199201
342.2,0.199281
342.267,0.19933
342.333,0.19936
342.4,0.199372
342.467,0.199382
342.533,0.199391
342.6,0.199401
342.667,0.199411
342.733,0.199421
342.8,0.199431
342.867,0.19944
342.933,0.19945
343,0.199466
343.067,0.199482
343.133,0.199498
343.2,0.199514
343.267,0.19953
343.333,0.199536
343.4,0.199542
343.467,0.199542
343.533,0.199542
343.6,0.199542
343.667,0.199542
343.733,0.199542
343.8,0.199542
343.867,0.199542
343.933,0.199542
344,0.199542
344.067,0.199542
344.133,0.199542
344.2,0.199542
344.267,0.199542
344.333,0.199542
344.4,0.199542
344.467,0.199542
344.533,0.199542
344.6,0.199542
344.667,0.199542
344.733,0.199542
344.8,0.199542
344.867,0.199542
344.933,0.199542
345,0.199542
345.067,0.199542
345.133,0.199542
345.2,0.199542
345.267,0.199542
345.333,0.199542
345.4,0.199542
345.467,0.199542
345.533,0.199542
345.6,0.199542
345.667,0.199542
345.733,0.199542
345.8,0.199542
345.867,0.199542
345.933,0.199542
346,0.199542
346.067,0.199542
346.133,0.199542
346.2,0.199542
346.267,0.199542
346.333,0.199542
346.4,0.199542
346.467,0.199542
346.533,0.199542
346.6,0.199542
346.667,0.199542
346.733,0.199542
346.8,0.199542
346.867,0.000934816
346.933,0.000947356
347,0.000969301
347.067,0.000991246
347.133,0.00101319
347.2,0.00103514
347.267,0.00105708
347.333,0.00106825
347.4,0.0010804
347.467,0.00109254
347.533,0.00110469
347.6,0.00111684
347.667,0.00112723
347.733,0.00113761
347.8,0.001148
347.867,0.00115838
347.933,0.00116876
348,0.00118189
348.067,0.00119502
348.133,0.00120815
348.2,0.00122128
348.267,0.0012344
348.333,0.00123813
348.4,0.00124185
348.467,0.00124557
348.533,0.00124929
348.6,0.00125302
348.667,0.00125674
348.733,0.00125948
348.8,0.00126223
348.867,0.00126497
348.933,0.00126771
349,0.00127144
349.067,0.00127516
349.133,0.00127888
349.2,0.0012826
349.267,0.00128633
349.333,0.00128731
349.4,0.00128829
349.467,0.00128927
349.533,0.00129025
349.6,0.00129123
349.667,0.0012922
349.733,0.00129318
349.8,0.00129416
349.867,0.00129514
349.933,0.00129612
350,0.0013071
350.067,0.00131807
350.133,0.00132904
350.2,0.00132904
350.267,0.00132904
350.333,0.00132904
350.4,0.00132904
350.467,0.00132904
350.533,0.00132904
350.6,0.00132904
350.667,0.00132904
350.733,0.00132904
350.8,0.00132904
350.867,0.00132904
350.933,0.00132904
351,0.00132904
351.067,0.00132904
351.133,0.00132904
351.2,0.00132904
351.267,0.00132904
351.333,0.00132904
351.4,0.00132904
351.467,0.00132904
351.533,0.00132904
351.6,0.00132904
351.667,0.00132904
351.733,0.00132904
351.8,0.00132904
351.867,0.00132904
351.933,0.00132904
352,0.00132904
352.067,0.00132904
352.133,0.00132904
352.2,0.00132904
352.267,0.00132904
352.333,0.00132904
352.4,0.00132904
352.467,0.00132904
352.533,0.00132904
352.6,0.00132904
352.667,0.00132904
352.733,0.00132904
352.8,0.00132904
352.867,0.00132904
352.933,0.00132904
353,0.00132904
353.067,0.00132904
353.133,0.00132904
353.2,0.00132904
353.267,0.00132904
353.333,0.00132904
353.4,0.00132904
353.467,0.00132904
353.533,0.00132904
353.6,0.109766
353.667,0.111845
353.733,0.113951
353.8,0.115947
353.867,0.11789
353.933,0.119842
354,0.121747
354.067,0.123649
354.133,0.125601
354.2,0.127493
354.267,0.129393
354.333,0.131295
354.4,0.133113
354.467,0.134903
354.533,0.13673
354.6,0.138486
354.667,0.140223
354.733,0.141998
354.8,0.143707
354.867,0.145412
354.933,0.147151
355,0.148841
355.067,0.150518
355.133,0.152247
355.2,0.153927
355.267,0.155628
355.333,0.157322
355.4,0.158934
355.467,0.160511
355.533,0.162107
355.6,0.163623
355.667,0.165126
355.733,0.166666
355.8,0.16816
355.867,0.169646
355.933,0.171159
356,0.172709
356.067,0.174388
356.133,0.176253
356.2,0.178145
356.267,0.180166
356.333,0.182345
356.4,0.184525
356.467,0.186804
356.533,0.18922
356.6,0.191635
356.667,0.194143
356.733,0.196776
356.8,0.199405
356.867,0.202116
356.933,0.202116
357,0.202116
357.067,0.202116
357.133,0.202116
357.2,0.202116
357.267,0.202116
357.333,0.202116
357.4,0.202116
357.467,0.202116
357.533,0.202116
357.6,0.202116
357.667,0.202116
357.733,0.202116
357.8,0.202116
357.867,0.202116
357.933,0.202116
358,0.202116
358.067,0.202116
358.133,0.202116
358.2,0.202116
358.267,0.202116
358.333,0.202116
358.4,0.202116
358.467,0.202116
358.533,0.202116
358.6,0.202116
358.667,0.202116
358.733,0.202116
358.8,0.202116
358.867,0.202116
358.933,0.202116
359,0.202116
359.067,0.202116
359.133,0.202116
359.2,0.202116
359.267,0.202116
359.333,0.202116
359.4,0.202116
359.467,0.202116
359.533,0.202116
359.6,0.202116
359.667,0.202116
359.733,0.202116
359.8,0.202116
359.867,0.202116
359.933,0.202116
360,0.202116
360.067,0.202116
360.133,0.202116
360.2,0.202116
360.267,0.202116
360.333,0.169247
360.4,0.172098
360.467,0.175001
360.533,0.177987
360.6,0.180917
360.667,0.183872
360.733,0.186908
360.8,0.189885
360.867,0.192867
360.933,0.195909
361,0.198892
361.067,0.201858
361.133,0.204857
361.2,0.207795
361.267,0.21072
361.333,0.213445
361.4,0.215889
361.467,0.21815
361.533,0.220375
361.6,0.222401
361.667,0.224275
361.733,0.226116
361.8,0.227802
361.867,0.229388
361.933,0.230955
362,0.232491
362.067,0.234031
362.133,0.235649
362.2,0.237209
362.267,0.238762
362.333,0.240378
362.4,0.241964
362.467,0.243561
362.533,0.245221
362.6,0.24686
362.667,0.248518
362.733,0.250246
362.8,0.251942
362.867,0.253651
362.933,0.255431
363,0.257228
363.067,0.259075
363.133,0.261013
363.2,0.26295
363.267,0.264948
363.333,0.266949
363.4,0.268865
363.467,0.270751
363.533,0.272675
363.6,0.274531
363.667,0.274531
363.733,0.274531
363.8,0.274531
363.867,0.274531
363.933,0.274531
364,0.274531
364.067,0.274531
364.133,0.274531
364.2,0.274531
364.267,0.274531
364.333,0.274531
364.4,0.274531
364.467,0.274531
364.533,0.274531
364.6,0.274531
364.667,0.274531
364.733,0.274531
364.8,0.274531
364.867,0.274531
364.933,0.274531
365,0.274531
365.067,0.274531
365.133,0.274531
365.2,0.274531
365.267,0.274531
365.333,0.274531
365.4,0.274531
365.467,0.274531
365.533,0.274531
365.6,0.274531
365.667,0.274531
365.733,0.274531
365.8,0.274531
365.867,0.274531
365.933,0.274531
366,0.274531
366.067,0.274531
366.133,0.274531
366.2,0.274531
366.267,0.274531
366.333,0.274531
366.4,0.274531
366.467,0.274531
366.533,0.274531
366.6,0.274531
366.667,0.274531
366.733,0.274531
366.8,0.274531
366.867,0.274531
366.933,0.274531
367,0.274531
367.067,0.0781977
367.133,0.0787179
367.2,0.0792079
367.267,0.0796713
367.333,0.0800951
367.4,0.0804968
367.467,0.0808793
367.533,0.0812557
367.6,0.0816123
367.667,0.0819618
367.733,0.0823057
367.8,0.0826331
367.867,0.0829501
367.933,0.0832729
368,0.0836863
368.067,0.0841552
368.133,0.0846924
368.2,0.0852385
368.267,0.0858287
368.333,0.0864061
368.4,0.0870094
368.467,0.0876673
368.533,0.0883794
368.6,0.0891075
368.667,0.0898769
368.733,0.0906957
368.8,0.0915326
368.867,0.0924155
368.933,0.0933423
369,0.0943952
369.067,0.0955538
369.133,0.0968049
369.2,0.0980924
369.267,0.0994596
369.333,0.100806
369.4,0.102112
369.467,0.103427
369.533,0.104796
369.6,0.106138
369.667,0.1075
369.733,0.10891
369.8,0.110304
369.867,0.111714
369.933,0.113172
370,0.114657
370.067,0.116189
370.133,0.117796
370.2,0.119394
370.267,0.121032
370.333,0.122615
370.4,0.122615
370.467,0.122615
370.533,0.122615
370.6,0.122615
370.667,0.122615
370.733,0.122615
370.8,0.122615
370.867,0.122615
370.933,0.122615
371,0.122615
371.067,0.122615
371.133,0.122615
371.2,0.122615
371.267,0.122615
371.333,0.122615
371.4,0.122615
371.467,0.122615
371.533,0.122615
371.6,0.122615
371.667,0.122615
371.733,0.122615
371.8,0.122615
371.867,0.122615
371.933,0.122615
372,0.122615
372.067,0.122615
372.133,0.122615
372.2,0.122615
372.267,0.122615
372.333,0.122615
372.4,0.122615
372.467,0.122615
372.533,0.122615
372.6,0.122615
372.667,0.122615
372.733,0.122615
372.8,0.122615
372.867,0.122615
372.933,0.122615
373,0.122615
373.067,0.122615
373.133,0.122615
373.2,0.122615
373.267,0.122615
373.333,0.122615
373.4,0.122615
373.467,0.122615
373.533,0.122615
373.6,0.122615
373.667,0.122615
373.733,0.122615
373.8,0.0667344
373.867,0.0675291
373.933,0.0683168
374,0.0691001
374.067,0.0698476
374.133,0.0705998
374.2,0.0713027
374.267,0.0719853
374.333,0.072638
374.4,0.0732538
374.467,0.0738569
374.533,0.0744655
374.6,0.0750366
374.667,0.0755931
374.733,0.076148
374.8,0.0766739
374.867,0.0771923
374.933,0.0777182
375,0.0782723
375.067,0.0788457
375.133,0.079447
375.2,0.0800485
375.267,0.0806643
375.333,0.081252
375.4,0.081821
375.467,0.0823813
375.533,0.0829582
375.6,0.0835152
375.667,0.084075
375.733,0.0846485
375.8,0.0852015
375.867,0.0857485
375.933,0.0863058
376,0.0868759
376.067,0.0874391
376.133,0.0880063
376.2,0.0885596
376.267,0.0891071
376.333,0.0896189
376.4,0.0900907
376.467,0.0905337
376.533,0.0909757
376.6,0.0913913
376.667,0.0917906
376.733,0.0921929
376.8,0.092573
376.867,0.0929384
376.933,0.0933031
377,0.0936832
377.067,0.0940651
377.133,0.0940651
377.2,0.0940651
377.267,0.0940651
377.333,0.0940651
377.4,0.0940651
377.467,0.0940651
377.533,0.0940651
377.6,0.0940651
377.667,0.0940651
377.733,0.0940651
377.8,0.0940651
377.867,0.0940651
377.933,0.0940651
378,0.0940651
378.067,0.0940651
378.133,0.0940651
378.2,0.0940651
378.267,0.0940651
378.333,0.0940651
378.4,0.0940651
378.467,0.0940651
378.533,0.0940651
378.6,0.0940651
378.667,0.0940651
378.733,0.0940651
378.8,0.0940651
378.867,0.0940651
378.933,0.0940651
379,0.0940651
379.067,0.0940651
379.133,0.0940651
379.2,0.0940651
379.267,0.0940651
379.333,0.0940651
379.4,0.0940651
379.467,0.0940651
379.533,0.0940651
379.6,0.0940651
379.667,0.0940651
379.733,0.0940651
379.8,0.0940651
379.867,0.0940651
379.933,0.0940651
380,0.0940651
380.067,0.0940651
380.133,0.0940651
380.2,0.0940651
380.267,0.0940651
380.333,0.0940651
380.4,0.0940651
380.467,0.0940651
380.533,0.0197085
380.6,0.0199401
380.667,0.0201713
380.733,0.0204096
380.8,0.0206457
380.867,0.0208822
380.933,0.0211212
381,0.0213834
381.067,0.0216336
381.133,0.0218836
381.2,0.0221236
381.267,0.0223501
381.333,0.0225281
381.4,0.0226942
381.467,0.022847
381.533,0.0229926
381.6,0.0231329
381.667,0.0232683
381.733,0.0233988
381.8,0.0235256
381.867,0.0236412
381.933,0.0237513
382,0.0238818
382.067,0.023999
382.133,0.0241065
382.2,0.0242006
382.267,0.0242872
382.333,0.0243321
382.4,0.024375
382.467,0.0244134
